Gain: 2000
Pulse width: 10000
Delta: 100
Reps: 50000

signal1
[3516 3496 3322 3105 2902 2822 2724 2777 2970 3069 3336 3549 3464 3393
 3248 3034 2797 2643 2679 2836 3095 3207 3481 3405 3406 3344 3163 2870
 2789 2555 2779 2922 3068 3397 3515 3467 3362 3285 3071 2827 2700 2667
 2803 3044 3172 3358 3484 3391 3443 3160 3043 2921 2710 2790 2781 3092
 3128 3302 3432 3380 3188 3146 2905 2817 2706 2770 2942 3148 3284 3395
 3407 3370 3248 3076 2835 2884 2884 2898 2892 3128 3181 3404 3395 3223
 3077 3082 2835 2902 2856 2945 3091 3123 3403 3355 3243 3226 3092 2949
 2766 2836]


reference1
[3573 3610 3594 3523 3515 3572 3500 3499 3490 3502 3598 3513 3537 3566
 3568 3620 3520 3501 3555 3525 3552 3557 3576 3415 3530 3635 3710 3493
 3618 3560 3593 3609 3520 3553 3568 3418 3542 3543 3455 3431 3458 3495
 3430 3368 3482 3577 3593 3553 3511 3508 3451 3546 3473 3419 3552 3463
 3479 3528 3563 3530 3604 3500 3603 3511 3582 3487 3462 3546 3544 3580
 3491 3590 3575 3479 3514 3394 3307 3552 3525 3612 3460 3536 3609 3522
 3542 3528 3598 3568 3461 3446 3638 3623 3547 3635 3542 3526 3501 3567
 3506 3502]


signal2
[3554 3431 3506 3591 3633 3600 3558 3565 3472 3480 3522 3570 3565 3603
 3676 3563 3529 3585 3444 3531 3495 3605 3481 3534 3563 3498 3464 3486
 3463 3567 3544 3482 3510 3580 3487 3628 3458 3567 3558 3487 3403 3501
 3542 3461 3457 3592 3474 3584 3531 3518 3354 3581 3495 3482 3580 3470
 3386 3557 3560 3599 3494 3572 3533 3649 3463 3524 3563 3514 3513 3482
 3412 3595 3454 3475 3531 3511 3424 3518 3534 3466 3479 3587 3456 3459
 3422 3462 3571 3590 3479 3489 3460 3510 3610 3455 3520 3627 3529 3405
 3437 3632]


reference2
[3543 3692 3559 3566 3583 3559 3698 3507 3580 3586 3388 3434 3629 3452
 3478 3556 3650 3569 3508 3546 3490 3530 3604 3671 3592 3502 3531 3449
 3414 3510 3505 3544 3589 3501 3505 3460 3693 3438 3531 3472 3477 3485
 3551 3497 3460 3601 3535 3552 3627 3671 3566 3561 3540 3543 3504 3498
 3572 3592 3521 3509 3523 3560 3493 3522 3517 3559 3623 3513 3485 3421
 3474 3526 3630 3466 3509 3511 3563 3568 3520 3519 3503 3565 3489 3550
 3569 3580 3588 3625 3598 3512 3510 3464 3492 3566 3534 3461 3460 3596
 3611 3565]


signal1_cts_s
[111352.08247423 110718.68041237 105208.08247423  98335.67010309
  91906.63917526  89373.03092784  86269.36082474  87947.87628866
  94060.20618557  97195.54639175 105651.46391753 112397.19587629
 109705.2371134  107456.65979381 102864.49484536  96087.09278351
  88581.27835052  83704.08247423  84844.20618557  89816.41237113
  98018.96907216 101566.02061856 110243.62886598 107836.70103093
 107868.37113402 105904.82474227 100172.53608247  90893.19587629
  88327.91752577  80917.11340206  88011.21649485  92540.04123711
  97163.87628866 107583.34020619 111320.41237113 109800.24742268
 106474.88659794 104036.28865979  97258.88659794  89531.3814433
  85509.27835052  84464.16494845  88771.29896907  96403.79381443
 100457.56701031 106348.20618557 110338.63917526 107393.31958763
 109040.16494845 100077.5257732   96372.12371134  92508.37113402
  85825.97938144  88359.58762887  88074.55670103  97923.95876289
  99064.08247423 104574.68041237 108691.79381443 107044.94845361
 100964.28865979  99634.1443299   92001.64948454  89214.68041237
  85699.29896907  87726.18556701  93173.44329897  99697.48453608
 104004.6185567  107520.         107900.04123711 106728.24742268
 102864.49484536  97417.2371134   89784.74226804  91336.57731959
  91336.57731959  91779.95876289  91589.93814433  99064.08247423
 100742.59793814 107805.03092784 107520.         102072.74226804
  97448.90721649  97607.25773196  89784.74226804  91906.63917526
  90449.81443299  93268.45360825  97892.28865979  98905.73195876
 107773.36082474 106253.19587629 102706.1443299  102167.75257732
  97923.95876289  93395.13402062  87599.50515464  89816.41237113]


reference1_cts_s
[113157.27835052 114329.07216495 113822.35051546 111573.77319588
 111320.41237113 113125.60824742 110845.36082474 110813.69072165
 110528.65979381 110908.70103093 113949.03092784 111257.07216495
 112017.15463918 112935.58762887 112998.92783505 114645.77319588
 111478.7628866  110877.03092784 112587.21649485 111637.11340206
 112492.20618557 112650.55670103 113252.28865979 108153.40206186
 111795.46391753 115120.82474227 117496.08247423 110623.67010309
 114582.43298969 112745.56701031 113790.68041237 114297.40206186
 111478.7628866  112523.87628866 112998.92783505 108248.41237113
 112175.50515464 112207.17525773 109420.20618557 108660.12371134
 109515.21649485 110687.01030928 108628.45360825 106664.90721649
 110275.29896907 113283.95876289 113790.68041237 112523.87628866
 111193.73195876 111098.72164948 109293.5257732  112302.18556701
 109990.26804124 108280.08247423 112492.20618557 109673.56701031
 110180.28865979 111732.12371134 112840.57731959 111795.46391753
 114139.05154639 110845.36082474 114107.3814433  111193.73195876
 113442.30927835 110433.64948454 109641.89690722 112302.18556701
 112238.84536082 113378.96907216 110560.32989691 113695.67010309
 113220.6185567  110180.28865979 111288.74226804 107488.32989691
 104733.03092784 112492.20618557 111637.11340206 114392.41237113
 109578.55670103 111985.48453608 114297.40206186 111542.10309278
 112175.50515464 111732.12371134 113949.03092784 112998.92783505
 109610.22680412 109135.17525773 115215.83505155 114740.78350515
 112333.8556701  115120.82474227 112175.50515464 111668.78350515
 110877.03092784 112967.25773196 111035.3814433  110908.70103093]


signal2_cts_s
[112555.54639175 108660.12371134 111035.3814433  113727.34020619
 115057.48453608 114012.37113402 112682.22680412 112903.91752577
 109958.59793814 110211.95876289 111542.10309278 113062.26804124
 112903.91752577 114107.3814433  116419.29896907 112840.57731959
 111763.79381443 113537.31958763 109071.83505155 111827.13402062
 110687.01030928 114170.72164948 110243.62886598 111922.1443299
 112840.57731959 110782.02061856 109705.2371134  110401.97938144
 109673.56701031 112967.25773196 112238.84536082 110275.29896907
 111162.06185567 113378.96907216 110433.64948454 114899.13402062
 109515.21649485 112967.25773196 112682.22680412 110433.64948454
 107773.36082474 110877.03092784 112175.50515464 109610.22680412
 109483.54639175 113759.01030928 110021.93814433 113505.64948454
 111827.13402062 111415.42268041 106221.5257732  113410.63917526
 110687.01030928 110275.29896907 113378.96907216 109895.25773196
 107234.96907216 112650.55670103 112745.56701031 113980.70103093
 110655.34020619 113125.60824742 111890.4742268  115564.20618557
 109673.56701031 111605.44329897 112840.57731959 111288.74226804
 111257.07216495 110275.29896907 108058.39175258 113854.02061856
 109388.53608247 110053.60824742 111827.13402062 111193.73195876
 108438.43298969 111415.42268041 111922.1443299  109768.57731959
 110180.28865979 113600.65979381 109451.87628866 109546.88659794
 108375.09278351 109641.89690722 113093.93814433 113695.67010309
 110180.28865979 110496.98969072 109578.55670103 111162.06185567
 114329.07216495 109420.20618557 111478.7628866  114867.46391753
 111763.79381443 107836.70103093 108850.1443299  115025.81443299]


reference2_cts_s
[112207.17525773 116926.02061856 112713.89690722 112935.58762887
 113473.97938144 112713.89690722 117116.04123711 111067.05154639
 113378.96907216 113568.98969072 107298.30927835 108755.13402062
 114930.80412371 109325.19587629 110148.6185567  112618.88659794
 115595.87628866 113030.59793814 111098.72164948 112302.18556701
 110528.65979381 111795.46391753 114139.05154639 116260.94845361
 113759.01030928 110908.70103093 111827.13402062 109230.18556701
 108121.73195876 111162.06185567 111003.71134021 112238.84536082
 113664.         110877.03092784 111003.71134021 109578.55670103
 116957.69072165 108881.81443299 111827.13402062 109958.59793814
 110116.94845361 110370.30927835 112460.53608247 110750.35051546
 109578.55670103 114044.04123711 111953.81443299 112492.20618557
 114867.46391753 116260.94845361 112935.58762887 112777.2371134
 112112.16494845 112207.17525773 110972.04123711 110782.02061856
 113125.60824742 113759.01030928 111510.43298969 111130.39175258
 111573.77319588 112745.56701031 110623.67010309 111542.10309278
 111383.75257732 112713.89690722 114740.78350515 111257.07216495
 110370.30927835 108343.42268041 110021.93814433 111668.78350515
 114962.4742268  109768.57731959 111130.39175258 111193.73195876
 112840.57731959 112998.92783505 111478.7628866  111447.09278351
 110940.37113402 112903.91752577 110496.98969072 112428.86597938
 113030.59793814 113378.96907216 113632.32989691 114804.12371134
 113949.03092784 111225.40206186 111162.06185567 109705.2371134
 110592.         112935.58762887 111922.1443299  109610.22680412
 109578.55670103 113885.69072165 114360.74226804 112903.91752577]


contrast
[0.98930782 1.01894491 0.94751854 0.86466165 0.79878888 0.78388889
 0.76559865 0.77896213 0.85541475 0.88189655 0.9471891  0.99411765
 0.971669   0.94171524 0.8835691  0.85152961 0.7925758  0.73723849
 0.77787456 0.80317191 0.88555079 0.88959778 1.         0.96349745
 0.95593601 0.95597484 0.91310624 0.82329317 0.80537107 0.7162882
 0.78414221 0.83917289 0.87407407 0.94888268 1.00802983 0.95562293
 0.97223829 0.92094197 0.86312535 0.81072555 0.79341757 0.76178235
 0.79136081 0.87951459 0.91755858 0.93485523 1.00287853 0.94614955
 0.97507788 0.89823764 0.9072749  0.81569394 0.77539342 0.80126364
 0.77681564 0.89106628 0.9238039  0.92831037 0.96404494 0.93914976
 0.91242129 0.88073908 0.82224738 0.77199233 0.78140341 0.78603859
 0.82570867 0.89584519 0.93481355 0.97501436 0.99853458 0.93741307
 0.940359   0.88517986 0.8028887  0.8214184  0.84228972 0.8237635
 0.81833616 0.90248125 0.9143432  0.94898244 0.98234954 0.93177219
 0.89918177 0.89023686 0.79389527 0.80835655 0.82092555 0.8440814
 0.8933526  0.88974359 0.94265928 0.97105644 0.92130682 0.88944031
 0.87616889 0.8660793  0.8047716  0.780837  ]


sweep_pts
[2.5000e+01 5.1700e+02 1.0090e+03 1.5010e+03 1.9930e+03 2.4850e+03
 2.9770e+03 3.4690e+03 3.9610e+03 4.4530e+03 4.9450e+03 5.4370e+03
 5.9290e+03 6.4210e+03 6.9130e+03 7.4050e+03 7.8970e+03 8.3890e+03
 8.8810e+03 9.3730e+03 9.8650e+03 1.0357e+04 1.0849e+04 1.1341e+04
 1.1833e+04 1.2325e+04 1.2817e+04 1.3309e+04 1.3801e+04 1.4293e+04
 1.4785e+04 1.5277e+04 1.5769e+04 1.6261e+04 1.6753e+04 1.7245e+04
 1.7737e+04 1.8229e+04 1.8721e+04 1.9213e+04 1.9705e+04 2.0197e+04
 2.0689e+04 2.1181e+04 2.1673e+04 2.2165e+04 2.2657e+04 2.3149e+04
 2.3641e+04 2.4133e+04 2.4625e+04 2.5117e+04 2.5609e+04 2.6101e+04
 2.6593e+04 2.7085e+04 2.7577e+04 2.8069e+04 2.8561e+04 2.9053e+04
 2.9545e+04 3.0037e+04 3.0529e+04 3.1021e+04 3.1513e+04 3.2005e+04
 3.2497e+04 3.2989e+04 3.3481e+04 3.3973e+04 3.4465e+04 3.4957e+04
 3.5449e+04 3.5941e+04 3.6433e+04 3.6925e+04 3.7417e+04 3.7909e+04
 3.8401e+04 3.8893e+04 3.9385e+04 3.9877e+04 4.0369e+04 4.0861e+04
 4.1353e+04 4.1845e+04 4.2337e+04 4.2829e+04 4.3321e+04 4.3813e+04
 4.4305e+04 4.4797e+04 4.5289e+04 4.5781e+04 4.6273e+04 4.6765e+04
 4.7257e+04 4.7749e+04 4.8241e+04 4.8733e+04]


mw_duration_ftsamp
[   25   517  1009  1501  1993  2485  2977  3469  3961  4453  4945  5437
  5929  6421  6913  7405  7897  8389  8881  9373  9865 10357 10849 11341
 11833 12325 12817 13309 13801 14293 14785 15277 15769 16261 16753 17245
 17737 18229 18721 19213 19705 20197 20689 21181 21673 22165 22657 23149
 23641 24133 24625 25117 25609 26101 26593 27085 27577 28069 28561 29053
 29545 30037 30529 31021 31513 32005 32497 32989 33481 33973 34465 34957
 35449 35941 36433 36925 37417 37909 38401 38893 39385 39877 40369 40861
 41353 41845 42337 42829 43321 43813 44305 44797 45289 45781 46273 46765
 47257 47749 48241 48733]


sweep_param
mw_duration_ftsamp


mw_duration_ftus
[5.08626302e-03 1.05183919e-01 2.05281576e-01 3.05379232e-01
 4.05476888e-01 5.05574544e-01 6.05672201e-01 7.05769857e-01
 8.05867513e-01 9.05965169e-01 1.00606283e+00 1.10616048e+00
 1.20625814e+00 1.30635579e+00 1.40645345e+00 1.50655111e+00
 1.60664876e+00 1.70674642e+00 1.80684408e+00 1.90694173e+00
 2.00703939e+00 2.10713704e+00 2.20723470e+00 2.30733236e+00
 2.40743001e+00 2.50752767e+00 2.60762533e+00 2.70772298e+00
 2.80782064e+00 2.90791829e+00 3.00801595e+00 3.10811361e+00
 3.20821126e+00 3.30830892e+00 3.40840658e+00 3.50850423e+00
 3.60860189e+00 3.70869954e+00 3.80879720e+00 3.90889486e+00
 4.00899251e+00 4.10909017e+00 4.20918783e+00 4.30928548e+00
 4.40938314e+00 4.50948079e+00 4.60957845e+00 4.70967611e+00
 4.80977376e+00 4.90987142e+00 5.00996908e+00 5.11006673e+00
 5.21016439e+00 5.31026204e+00 5.41035970e+00 5.51045736e+00
 5.61055501e+00 5.71065267e+00 5.81075033e+00 5.91084798e+00
 6.01094564e+00 6.11104329e+00 6.21114095e+00 6.31123861e+00
 6.41133626e+00 6.51143392e+00 6.61153158e+00 6.71162923e+00
 6.81172689e+00 6.91182454e+00 7.01192220e+00 7.11201986e+00
 7.21211751e+00 7.31221517e+00 7.41231283e+00 7.51241048e+00
 7.61250814e+00 7.71260579e+00 7.81270345e+00 7.91280111e+00
 8.01289876e+00 8.11299642e+00 8.21309408e+00 8.31319173e+00
 8.41328939e+00 8.51338704e+00 8.61348470e+00 8.71358236e+00
 8.81368001e+00 8.91377767e+00 9.01387533e+00 9.11397298e+00
 9.21407064e+00 9.31416829e+00 9.41426595e+00 9.51436361e+00
 9.61446126e+00 9.71455892e+00 9.81465658e+00 9.91475423e+00]


mw_duration_ftns
[5.08626302e+00 1.05183919e+02 2.05281576e+02 3.05379232e+02
 4.05476888e+02 5.05574544e+02 6.05672201e+02 7.05769857e+02
 8.05867513e+02 9.05965169e+02 1.00606283e+03 1.10616048e+03
 1.20625814e+03 1.30635579e+03 1.40645345e+03 1.50655111e+03
 1.60664876e+03 1.70674642e+03 1.80684408e+03 1.90694173e+03
 2.00703939e+03 2.10713704e+03 2.20723470e+03 2.30733236e+03
 2.40743001e+03 2.50752767e+03 2.60762533e+03 2.70772298e+03
 2.80782064e+03 2.90791829e+03 3.00801595e+03 3.10811361e+03
 3.20821126e+03 3.30830892e+03 3.40840658e+03 3.50850423e+03
 3.60860189e+03 3.70869954e+03 3.80879720e+03 3.90889486e+03
 4.00899251e+03 4.10909017e+03 4.20918783e+03 4.30928548e+03
 4.40938314e+03 4.50948079e+03 4.60957845e+03 4.70967611e+03
 4.80977376e+03 4.90987142e+03 5.00996908e+03 5.11006673e+03
 5.21016439e+03 5.31026204e+03 5.41035970e+03 5.51045736e+03
 5.61055501e+03 5.71065267e+03 5.81075033e+03 5.91084798e+03
 6.01094564e+03 6.11104329e+03 6.21114095e+03 6.31123861e+03
 6.41133626e+03 6.51143392e+03 6.61153158e+03 6.71162923e+03
 6.81172689e+03 6.91182454e+03 7.01192220e+03 7.11201986e+03
 7.21211751e+03 7.31221517e+03 7.41231283e+03 7.51241048e+03
 7.61250814e+03 7.71260579e+03 7.81270345e+03 7.91280111e+03
 8.01289876e+03 8.11299642e+03 8.21309408e+03 8.31319173e+03
 8.41328939e+03 8.51338704e+03 8.61348470e+03 8.71358236e+03
 8.81368001e+03 8.91377767e+03 9.01387533e+03 9.11397298e+03
 9.21407064e+03 9.31416829e+03 9.41426595e+03 9.51436361e+03
 9.61446126e+03 9.71455892e+03 9.81465658e+03 9.91475423e+03]

