Gain: 32767
Pulse width: 5000
Delta: 90

signal1
[332 340 361 339 352 324 354 337 361 334 358 347 338 342 308 322 326 313
 328 347 316 311 320 352 328 335 315 338 309 311 282 334 340 334 314 306
 317 311 327 305 353 286 352 314 309 323 346 325 292 319 318 279 320 346
 280 311]


reference1
[370 368 383 358 377 364 356 344 366 349 387 367 388 374 355 344 344 362
 336 351 369 343 343 343 312 347 335 395 344 342 337 339 330 337 352 370
 361 331 365 336 351 341 327 356 375 336 347 368 336 353 356 344 325 356
 337 334]


signal2
[351 344 332 351 348 359 377 332 372 355 358 352 347 360 338 355 350 363
 356 368 313 338 329 347 306 321 298 355 363 338 316 322 310 339 315 323
 319 330 305 353 354 322 351 320 339 332 370 341 336 326 326 308 360 343
 324 379]


reference2
[346 328 342 347 366 360 351 390 357 370 317 333 350 338 359 351 363 376
 381 384 354 340 330 343 376 346 354 366 353 374 363 345 360 349 367 357
 361 341 389 360 362 343 368 340 356 350 364 326 330 348 329 330 352 358
 361 342]


signal1_cts_s
[5257.2371134  5383.91752577 5716.45360825 5368.08247423 5573.93814433
 5130.55670103 5605.60824742 5336.41237113 5716.45360825 5288.90721649
 5668.94845361 5494.7628866  5352.24742268 5415.58762887 4877.19587629
 5098.88659794 5162.22680412 4956.37113402 5193.89690722 5494.7628866
 5003.87628866 4924.70103093 5067.21649485 5573.93814433 5193.89690722
 5304.74226804 4988.04123711 5352.24742268 4893.03092784 4924.70103093
 4465.48453608 5288.90721649 5383.91752577 5288.90721649 4972.20618557
 4845.5257732  5019.71134021 4924.70103093 5178.06185567 4829.69072165
 5589.77319588 4528.82474227 5573.93814433 4972.20618557 4893.03092784
 5114.72164948 5478.92783505 5146.39175258 4623.83505155 5051.3814433
 5035.54639175 4417.97938144 5067.21649485 5478.92783505 4433.81443299
 4924.70103093]


reference1_cts_s
[5858.96907216 5827.29896907 6064.82474227 5668.94845361 5969.81443299
 5763.95876289 5637.27835052 5447.25773196 5795.62886598 5526.43298969
 6128.16494845 5811.46391753 6144.         5922.30927835 5621.44329897
 5447.25773196 5447.25773196 5732.28865979 5320.57731959 5558.10309278
 5843.13402062 5431.42268041 5431.42268041 5431.42268041 4940.53608247
 5494.7628866  5304.74226804 6254.84536082 5447.25773196 5415.58762887
 5336.41237113 5368.08247423 5225.56701031 5336.41237113 5573.93814433
 5858.96907216 5716.45360825 5241.40206186 5779.79381443 5320.57731959
 5558.10309278 5399.75257732 5178.06185567 5637.27835052 5938.1443299
 5320.57731959 5494.7628866  5827.29896907 5320.57731959 5589.77319588
 5637.27835052 5447.25773196 5146.39175258 5637.27835052 5336.41237113
 5288.90721649]


signal2_cts_s
[5558.10309278 5447.25773196 5257.2371134  5558.10309278 5510.59793814
 5684.78350515 5969.81443299 5257.2371134  5890.63917526 5621.44329897
 5668.94845361 5573.93814433 5494.7628866  5700.6185567  5352.24742268
 5621.44329897 5542.26804124 5748.12371134 5637.27835052 5827.29896907
 4956.37113402 5352.24742268 5209.73195876 5494.7628866  4845.5257732
 5083.05154639 4718.84536082 5621.44329897 5748.12371134 5352.24742268
 5003.87628866 5098.88659794 4908.86597938 5368.08247423 4988.04123711
 5114.72164948 5051.3814433  5225.56701031 4829.69072165 5589.77319588
 5605.60824742 5098.88659794 5558.10309278 5067.21649485 5368.08247423
 5257.2371134  5858.96907216 5399.75257732 5320.57731959 5162.22680412
 5162.22680412 4877.19587629 5700.6185567  5431.42268041 5130.55670103
 6001.48453608]


reference2_cts_s
[5478.92783505 5193.89690722 5415.58762887 5494.7628866  5795.62886598
 5700.6185567  5558.10309278 6175.67010309 5653.11340206 5858.96907216
 5019.71134021 5273.07216495 5542.26804124 5352.24742268 5684.78350515
 5558.10309278 5748.12371134 5953.97938144 6033.15463918 6080.65979381
 5605.60824742 5383.91752577 5225.56701031 5431.42268041 5953.97938144
 5478.92783505 5605.60824742 5795.62886598 5589.77319588 5922.30927835
 5748.12371134 5463.09278351 5700.6185567  5526.43298969 5811.46391753
 5653.11340206 5716.45360825 5399.75257732 6159.83505155 5700.6185567
 5732.28865979 5431.42268041 5827.29896907 5383.91752577 5637.27835052
 5542.26804124 5763.95876289 5162.22680412 5225.56701031 5510.59793814
 5209.73195876 5225.56701031 5573.93814433 5668.94845361 5716.45360825
 5415.58762887]


contrast
[0.94586895 0.98837209 1.0873494  0.96581197 1.01149425 0.90250696
 0.93899204 1.01506024 0.97043011 0.94084507 1.         0.98579545
 0.9740634  0.95       0.9112426  0.90704225 0.93142857 0.86225895
 0.92134831 0.94293478 1.00958466 0.92011834 0.97264438 1.01440922
 1.07189542 1.04361371 1.05704698 0.95211268 0.85123967 0.92011834
 0.89240506 1.03726708 1.09677419 0.98525074 0.9968254  0.94736842
 0.99373041 0.94242424 1.07213115 0.86402266 0.99717514 0.88819876
 1.002849   0.98125    0.91150442 0.97289157 0.93513514 0.95307918
 0.86904762 0.97852761 0.97546012 0.90584416 0.88888889 1.00874636
 0.86419753 0.82058047]


sweep_pts
[   25.   467.   909.  1351.  1793.  2235.  2677.  3119.  3561.  4003.
  4445.  4887.  5329.  5771.  6213.  6655.  7097.  7539.  7981.  8423.
  8865.  9307.  9749. 10191. 10633. 11075. 11517. 11959. 12401. 12843.
 13285. 13727. 14169. 14611. 15053. 15495. 15937. 16379. 16821. 17263.
 17705. 18147. 18589. 19031. 19473. 19915. 20357. 20799. 21241. 21683.
 22125. 22567. 23009. 23451. 23893. 24335.]


mw_duration_ftsamp
[   25   467   909  1351  1793  2235  2677  3119  3561  4003  4445  4887
  5329  5771  6213  6655  7097  7539  7981  8423  8865  9307  9749 10191
 10633 11075 11517 11959 12401 12843 13285 13727 14169 14611 15053 15495
 15937 16379 16821 17263 17705 18147 18589 19031 19473 19915 20357 20799
 21241 21683 22125 22567 23009 23451 23893 24335]


sweep_param
mw_duration_ftsamp


mw_duration_ftus
[0.00508626 0.09501139 0.18493652 0.27486165 0.36478678 0.45471191
 0.54463704 0.63456217 0.7244873  0.81441243 0.90433757 0.9942627
 1.08418783 1.17411296 1.26403809 1.35396322 1.44388835 1.53381348
 1.62373861 1.71366374 1.80358887 1.893514   1.98343913 2.07336426
 2.16328939 2.25321452 2.34313965 2.43306478 2.52298991 2.61291504
 2.70284017 2.7927653  2.88269043 2.97261556 3.06254069 3.15246582
 3.24239095 3.33231608 3.42224121 3.51216634 3.60209147 3.6920166
 3.78194173 3.87186686 3.96179199 4.05171712 4.14164225 4.23156738
 4.32149251 4.41141764 4.50134277 4.5912679  4.68119303 4.77111816
 4.86104329 4.95096842]


mw_duration_ftns
[   5.08626302   95.01139323  184.93652344  274.86165365  364.78678385
  454.71191406  544.63704427  634.56217448  724.48730469  814.4124349
  904.3375651   994.26269531 1084.18782552 1174.11295573 1264.03808594
 1353.96321615 1443.88834635 1533.81347656 1623.73860677 1713.66373698
 1803.58886719 1893.5139974  1983.4391276  2073.36425781 2163.28938802
 2253.21451823 2343.13964844 2433.06477865 2522.98990885 2612.91503906
 2702.84016927 2792.76529948 2882.69042969 2972.6155599  3062.5406901
 3152.46582031 3242.39095052 3332.31608073 3422.24121094 3512.16634115
 3602.09147135 3692.01660156 3781.94173177 3871.86686198 3961.79199219
 4051.7171224  4141.6422526  4231.56738281 4321.49251302 4411.41764323
 4501.34277344 4591.26790365 4681.19303385 4771.11816406 4861.04329427
 4950.96842448]

