Gain: 8000
Pulse width: 500
Delta: 15

signal1
[441 410 430 420 401 415 389 435 421 404 413 404 412 379 360 373 381 389
 356 342 366 362 363 353 399 390 409 376 388 409 381 382 394 372 395 325
 354 349 365 373 376 374 385 418 395 367 390 377 378 441 421 413 408 419
 427 396 426 373 413 417 438 384 394 399 398 416 418 415 380 443 383 334
 395 428 387 376 381 359 395 379 374 374 409 350 379 384 389 382 348 383
 356 374 385 370 359 375 384 376 390 399]


reference1
[423 427 458 426 436 424 425 447 391 448 422 426 433 430 447 411 410 414
 462 417 429 434 444 446 383 442 413 421 388 409 462 395 422 437 424 430
 427 435 446 418 412 425 420 418 397 427 448 418 408 387 425 473 455 377
 454 420 437 435 423 386 464 462 441 460 436 425 396 428 431 455 410 482
 428 426 445 439 380 426 408 438 403 393 423 415 398 398 431 431 389 398
 415 417 389 413 418 415 417 392 423 434]


signal2
[426 419 435 437 395 398 426 391 420 379 431 416 406 420 428 417 411 427
 411 419 410 366 407 413 410 394 424 419 399 408 399 419 423 403 390 390
 400 403 431 432 439 392 397 397 426 433 435 406 397 415 414 440 420 422
 427 460 417 412 407 416 429 398 454 393 447 418 434 407 392 409 457 436
 413 401 360 389 402 366 413 423 420 424 406 406 370 413 424 419 426 416
 426 414 424 437 412 375 399 442 446 440]


reference2
[421 399 450 440 405 419 474 450 453 408 433 414 440 398 404 385 410 441
 440 446 403 424 443 412 424 424 462 421 429 449 415 435 456 444 389 432
 424 418 391 475 436 412 395 416 452 492 430 416 452 426 426 453 461 424
 462 408 449 404 450 411 450 432 450 436 432 475 434 473 449 413 450 414
 463 472 455 440 432 430 424 449 427 414 401 438 449 417 424 449 396 454
 400 410 411 433 467 435 448 446 415 398]


signal1_cts_s
[6983.25773196 6492.37113402 6809.07216495 6650.72164948 6349.8556701
 6571.54639175 6159.83505155 6888.24742268 6666.55670103 6397.36082474
 6539.87628866 6397.36082474 6524.04123711 6001.48453608 5700.6185567
 5906.4742268  6033.15463918 6159.83505155 5637.27835052 5415.58762887
 5795.62886598 5732.28865979 5748.12371134 5589.77319588 6318.18556701
 6175.67010309 6476.53608247 5953.97938144 6144.         6476.53608247
 6033.15463918 6048.98969072 6239.01030928 5890.63917526 6254.84536082
 5146.39175258 5605.60824742 5526.43298969 5779.79381443 5906.4742268
 5953.97938144 5922.30927835 6096.49484536 6619.05154639 6254.84536082
 5811.46391753 6175.67010309 5969.81443299 5985.64948454 6983.25773196
 6666.55670103 6539.87628866 6460.70103093 6634.88659794 6761.56701031
 6270.68041237 6745.73195876 5906.4742268  6539.87628866 6603.21649485
 6935.75257732 6080.65979381 6239.01030928 6318.18556701 6302.35051546
 6587.3814433  6619.05154639 6571.54639175 6017.31958763 7014.92783505
 6064.82474227 5288.90721649 6254.84536082 6777.40206186 6128.16494845
 5953.97938144 6033.15463918 5684.78350515 6254.84536082 6001.48453608
 5922.30927835 5922.30927835 6476.53608247 5542.26804124 6001.48453608
 6080.65979381 6159.83505155 6048.98969072 5510.59793814 6064.82474227
 5637.27835052 5922.30927835 6096.49484536 5858.96907216 5684.78350515
 5938.1443299  6080.65979381 5953.97938144 6175.67010309 6318.18556701]


reference1_cts_s
[6698.22680412 6761.56701031 7252.45360825 6745.73195876 6904.08247423
 6714.06185567 6729.89690722 7078.26804124 6191.50515464 7094.10309278
 6682.39175258 6745.73195876 6856.57731959 6809.07216495 7078.26804124
 6508.20618557 6492.37113402 6555.71134021 7315.79381443 6603.21649485
 6793.2371134  6872.41237113 7030.7628866  7062.43298969 6064.82474227
 6999.09278351 6539.87628866 6666.55670103 6144.         6476.53608247
 7315.79381443 6254.84536082 6682.39175258 6919.91752577 6714.06185567
 6809.07216495 6761.56701031 6888.24742268 7062.43298969 6619.05154639
 6524.04123711 6729.89690722 6650.72164948 6619.05154639 6286.51546392
 6761.56701031 7094.10309278 6619.05154639 6460.70103093 6128.16494845
 6729.89690722 7489.97938144 7204.94845361 5969.81443299 7189.11340206
 6650.72164948 6919.91752577 6888.24742268 6698.22680412 6112.32989691
 7347.46391753 7315.79381443 6983.25773196 7284.12371134 6904.08247423
 6729.89690722 6270.68041237 6777.40206186 6824.90721649 7204.94845361
 6492.37113402 7632.49484536 6777.40206186 6745.73195876 7046.59793814
 6951.58762887 6017.31958763 6745.73195876 6460.70103093 6935.75257732
 6381.5257732  6223.17525773 6698.22680412 6571.54639175 6302.35051546
 6302.35051546 6824.90721649 6824.90721649 6159.83505155 6302.35051546
 6571.54639175 6603.21649485 6159.83505155 6539.87628866 6619.05154639
 6571.54639175 6603.21649485 6207.34020619 6698.22680412 6872.41237113]


signal2_cts_s
[6745.73195876 6634.88659794 6888.24742268 6919.91752577 6254.84536082
 6302.35051546 6745.73195876 6191.50515464 6650.72164948 6001.48453608
 6824.90721649 6587.3814433  6429.03092784 6650.72164948 6777.40206186
 6603.21649485 6508.20618557 6761.56701031 6508.20618557 6634.88659794
 6492.37113402 5795.62886598 6444.86597938 6539.87628866 6492.37113402
 6239.01030928 6714.06185567 6634.88659794 6318.18556701 6460.70103093
 6318.18556701 6634.88659794 6698.22680412 6381.5257732  6175.67010309
 6175.67010309 6334.02061856 6381.5257732  6824.90721649 6840.74226804
 6951.58762887 6207.34020619 6286.51546392 6286.51546392 6745.73195876
 6856.57731959 6888.24742268 6429.03092784 6286.51546392 6571.54639175
 6555.71134021 6967.42268041 6650.72164948 6682.39175258 6761.56701031
 7284.12371134 6603.21649485 6524.04123711 6444.86597938 6587.3814433
 6793.2371134  6302.35051546 7189.11340206 6223.17525773 7078.26804124
 6619.05154639 6872.41237113 6444.86597938 6207.34020619 6476.53608247
 7236.6185567  6904.08247423 6539.87628866 6349.8556701  5700.6185567
 6159.83505155 6365.69072165 5795.62886598 6539.87628866 6698.22680412
 6650.72164948 6714.06185567 6429.03092784 6429.03092784 5858.96907216
 6539.87628866 6714.06185567 6634.88659794 6745.73195876 6587.3814433
 6745.73195876 6555.71134021 6714.06185567 6919.91752577 6524.04123711
 5938.1443299  6318.18556701 6999.09278351 7062.43298969 6967.42268041]


reference2_cts_s
[6666.55670103 6318.18556701 7125.77319588 6967.42268041 6413.19587629
 6634.88659794 7505.81443299 7125.77319588 7173.27835052 6460.70103093
 6856.57731959 6555.71134021 6967.42268041 6302.35051546 6397.36082474
 6096.49484536 6492.37113402 6983.25773196 6967.42268041 7062.43298969
 6381.5257732  6714.06185567 7014.92783505 6524.04123711 6714.06185567
 6714.06185567 7315.79381443 6666.55670103 6793.2371134  7109.93814433
 6571.54639175 6888.24742268 7220.78350515 7030.7628866  6159.83505155
 6840.74226804 6714.06185567 6619.05154639 6191.50515464 7521.64948454
 6904.08247423 6524.04123711 6254.84536082 6587.3814433  7157.44329897
 7790.84536082 6809.07216495 6587.3814433  7157.44329897 6745.73195876
 6745.73195876 7173.27835052 7299.95876289 6714.06185567 7315.79381443
 6460.70103093 7109.93814433 6397.36082474 7125.77319588 6508.20618557
 7125.77319588 6840.74226804 7125.77319588 6904.08247423 6840.74226804
 7521.64948454 6872.41237113 7489.97938144 7109.93814433 6539.87628866
 7125.77319588 6555.71134021 7331.62886598 7474.1443299  7204.94845361
 6967.42268041 6840.74226804 6809.07216495 6714.06185567 7109.93814433
 6761.56701031 6555.71134021 6349.8556701  6935.75257732 7109.93814433
 6603.21649485 6714.06185567 7109.93814433 6270.68041237 7189.11340206
 6334.02061856 6492.37113402 6508.20618557 6856.57731959 7394.96907216
 6888.24742268 7094.10309278 7062.43298969 6571.54639175 6302.35051546]


contrast
[1.03521127 0.97852029 0.98850575 0.9610984  1.01518987 1.04271357
 0.91314554 1.11253197 1.00238095 1.06596306 0.95823666 0.97115385
 1.01477833 0.90238095 0.8411215  0.89448441 0.9270073  0.91100703
 0.86618005 0.81622912 0.89268293 0.98907104 0.89189189 0.85472155
 0.97317073 0.98984772 0.96462264 0.8973747  0.97243108 1.00245098
 0.95488722 0.91169451 0.93144208 0.92307692 1.01282051 0.83333333
 0.885      0.86600496 0.84686775 0.86342593 0.85649203 0.95408163
 0.9697733  1.05289673 0.92723005 0.84757506 0.89655172 0.92857143
 0.95214106 1.0626506  1.01690821 0.93863636 0.97142857 0.992891
 1.         0.86086957 1.02158273 0.90533981 1.01474201 1.00240385
 1.02097902 0.96482412 0.86784141 1.01526718 0.89038031 0.99521531
 0.96313364 1.01965602 0.96938776 1.08312958 0.8380744  0.76605505
 0.95641646 1.06733167 1.075      0.96658098 0.94776119 0.98087432
 0.95641646 0.89598109 0.89047619 0.88207547 1.00738916 0.86206897
 1.02432432 0.92978208 0.91745283 0.91169451 0.81690141 0.92067308
 0.83568075 0.90338164 0.90801887 0.84668192 0.87135922 1.
 0.96240602 0.85067873 0.87443946 0.90681818]


sweep_pts
[  25.   50.   75.  100.  125.  150.  175.  200.  225.  250.  275.  300.
  325.  350.  375.  400.  425.  450.  475.  500.  525.  550.  575.  600.
  625.  650.  675.  700.  725.  750.  775.  800.  825.  850.  875.  900.
  925.  950.  975. 1000. 1025. 1050. 1075. 1100. 1125. 1150. 1175. 1200.
 1225. 1250. 1275. 1300. 1325. 1350. 1375. 1400. 1425. 1450. 1475. 1500.
 1525. 1550. 1575. 1600. 1625. 1650. 1675. 1700. 1725. 1750. 1775. 1800.
 1825. 1850. 1875. 1900. 1925. 1950. 1975. 2000. 2025. 2050. 2075. 2100.
 2125. 2150. 2175. 2200. 2225. 2250. 2275. 2300. 2325. 2350. 2375. 2400.
 2425. 2450. 2475. 2500.]


mw_duration_ftsamp
[  25   50   75  100  125  150  175  200  225  250  275  300  325  350
  375  400  425  450  475  500  525  550  575  600  625  650  675  700
  725  750  775  800  825  850  875  900  925  950  975 1000 1025 1050
 1075 1100 1125 1150 1175 1200 1225 1250 1275 1300 1325 1350 1375 1400
 1425 1450 1475 1500 1525 1550 1575 1600 1625 1650 1675 1700 1725 1750
 1775 1800 1825 1850 1875 1900 1925 1950 1975 2000 2025 2050 2075 2100
 2125 2150 2175 2200 2225 2250 2275 2300 2325 2350 2375 2400 2425 2450
 2475 2500]


sweep_param
mw_duration_ftsamp


mw_duration_ftus
[0.00508626 0.01017253 0.01525879 0.02034505 0.02543132 0.03051758
 0.03560384 0.0406901  0.04577637 0.05086263 0.05594889 0.06103516
 0.06612142 0.07120768 0.07629395 0.08138021 0.08646647 0.09155273
 0.096639   0.10172526 0.10681152 0.11189779 0.11698405 0.12207031
 0.12715658 0.13224284 0.1373291  0.14241536 0.14750163 0.15258789
 0.15767415 0.16276042 0.16784668 0.17293294 0.17801921 0.18310547
 0.18819173 0.19327799 0.19836426 0.20345052 0.20853678 0.21362305
 0.21870931 0.22379557 0.22888184 0.2339681  0.23905436 0.24414062
 0.24922689 0.25431315 0.25939941 0.26448568 0.26957194 0.2746582
 0.27974447 0.28483073 0.28991699 0.29500326 0.30008952 0.30517578
 0.31026204 0.31534831 0.32043457 0.32552083 0.3306071  0.33569336
 0.34077962 0.34586589 0.35095215 0.35603841 0.36112467 0.36621094
 0.3712972  0.37638346 0.38146973 0.38655599 0.39164225 0.39672852
 0.40181478 0.40690104 0.4119873  0.41707357 0.42215983 0.42724609
 0.43233236 0.43741862 0.44250488 0.44759115 0.45267741 0.45776367
 0.46284993 0.4679362  0.47302246 0.47810872 0.48319499 0.48828125
 0.49336751 0.49845378 0.50354004 0.5086263 ]


mw_duration_ftns
[  5.08626302  10.17252604  15.25878906  20.34505208  25.4313151
  30.51757812  35.60384115  40.69010417  45.77636719  50.86263021
  55.94889323  61.03515625  66.12141927  71.20768229  76.29394531
  81.38020833  86.46647135  91.55273438  96.6389974  101.72526042
 106.81152344 111.89778646 116.98404948 122.0703125  127.15657552
 132.24283854 137.32910156 142.41536458 147.5016276  152.58789062
 157.67415365 162.76041667 167.84667969 172.93294271 178.01920573
 183.10546875 188.19173177 193.27799479 198.36425781 203.45052083
 208.53678385 213.62304688 218.7093099  223.79557292 228.88183594
 233.96809896 239.05436198 244.140625   249.22688802 254.31315104
 259.39941406 264.48567708 269.5719401  274.65820312 279.74446615
 284.83072917 289.91699219 295.00325521 300.08951823 305.17578125
 310.26204427 315.34830729 320.43457031 325.52083333 330.60709635
 335.69335938 340.7796224  345.86588542 350.95214844 356.03841146
 361.12467448 366.2109375  371.29720052 376.38346354 381.46972656
 386.55598958 391.6422526  396.72851562 401.81477865 406.90104167
 411.98730469 417.07356771 422.15983073 427.24609375 432.33235677
 437.41861979 442.50488281 447.59114583 452.67740885 457.76367188
 462.8499349  467.93619792 473.02246094 478.10872396 483.19498698
 488.28125    493.36751302 498.45377604 503.54003906 508.62630208]

