Gain: 32767
Pulse width: 500
Delta: 5

signal1
[1131 1144 1081 1048  942  940  879  811  802  782  932  886  986 1102
 1067 1113 1168 1175 1163 1157 1077 1026 1001  902  899  854  828  909
  982  936  986  986 1071 1133 1145 1113 1198 1115 1061  969  921  943
  888  853  846  835  900  914  978 1058  997 1102 1157 1149 1141 1115
 1049  968  959  888  857  896  836  805  908  923 1050 1002 1078 1168
 1114 1125 1134 1141 1122 1038  979  953  850  848  834  844  865  916
 1007 1017 1083 1121 1157 1214 1220 1149  991 1055  957  939  898  845
  862  818]


reference1
[1227 1174 1186 1166 1142 1144 1156 1118 1233 1161 1157 1197 1184 1125
 1191 1152 1214 1212 1186 1208 1177 1216 1224 1196 1174 1166 1119 1147
 1206 1197 1224 1221 1192 1184 1227 1193 1228 1187 1147 1187 1135 1162
 1178 1105 1141 1232 1149 1213 1115 1176 1190 1235 1148 1180 1229 1224
 1232 1191 1241 1238 1203 1202 1182 1192 1130 1199 1240 1180 1196 1179
 1156 1170 1224 1197 1224 1213 1187 1235 1222 1168 1171 1165 1162 1154
 1180 1166 1165 1201 1188 1208 1159 1287 1189 1205 1129 1135 1138 1212
 1208 1187]


signal2
[1151 1178 1132 1164 1079 1240 1160 1166 1155 1090 1130 1131 1223 1217
 1125 1191 1223 1176 1207 1148 1144 1178 1115 1187 1165 1195 1119 1157
 1188 1193 1093 1205 1156 1198 1135 1130 1189 1147 1175 1170 1192 1160
 1116 1167 1156 1183 1184 1189 1171 1114 1149 1112 1163 1198 1181 1139
 1141 1125 1226 1165 1170 1145 1097 1155 1146 1162 1122 1148 1168 1197
 1135 1150 1076 1137 1105 1138 1155 1157 1111 1165 1138 1160 1139 1196
 1174 1171 1146 1225 1158 1110 1155 1174 1211 1171 1169 1149 1137 1100
 1118 1117]


reference2
[1217 1185 1215 1184 1181 1235 1202 1154 1194 1210 1262 1228 1268 1219
 1184 1167 1258 1153 1237 1185 1186 1175 1246 1172 1208 1180 1161 1273
 1226 1211 1182 1203 1220 1195 1205 1209 1157 1206 1165 1149 1264 1180
 1162 1197 1203 1154 1204 1252 1247 1207 1208 1200 1211 1169 1173 1252
 1202 1200 1217 1160 1139 1189 1131 1146 1204 1201 1157 1269 1173 1308
 1154 1181 1232 1263 1208 1140 1173 1149 1202 1253 1151 1196 1195 1224
 1176 1205 1153 1242 1197 1286 1206 1239 1174 1174 1258 1221 1208 1196
 1132 1232]


signal1_cts_s
[17909.44329897 18115.29896907 17117.69072165 16595.13402062
 14916.6185567  14884.94845361 13919.01030928 12842.22680412
 12699.71134021 12383.01030928 14758.26804124 14029.8556701
 15613.36082474 17450.22680412 16896.         17624.41237113
 18495.34020619 18606.18556701 18416.16494845 18321.15463918
 17054.35051546 16246.7628866  15850.88659794 14283.21649485
 14235.71134021 13523.13402062 13111.42268041 14394.06185567
 15550.02061856 14821.60824742 15613.36082474 15613.36082474
 16959.34020619 17941.11340206 18131.13402062 17624.41237113
 18970.39175258 17656.08247423 16800.98969072 15344.16494845
 14584.08247423 14932.45360825 14061.5257732  13507.29896907
 13396.45360825 13222.26804124 14251.54639175 14473.2371134
 15486.68041237 16753.48453608 15787.54639175 17450.22680412
 18321.15463918 18194.4742268  18067.79381443 17656.08247423
 16610.96907216 15328.32989691 15185.81443299 14061.5257732
 13570.63917526 14188.20618557 13238.10309278 12747.21649485
 14378.22680412 14615.75257732 16626.80412371 15866.72164948
 17070.18556701 18495.34020619 17640.24742268 17814.43298969
 17956.94845361 18067.79381443 17766.92783505 16436.78350515
 15502.51546392 15090.80412371 13459.79381443 13428.12371134
 13206.43298969 13364.78350515 13697.31958763 14504.90721649
 15945.89690722 16104.24742268 17149.36082474 17751.09278351
 18321.15463918 19223.75257732 19318.7628866  18194.4742268
 15692.53608247 16705.97938144 15154.1443299  14869.11340206
 14219.87628866 13380.6185567  13649.81443299 12953.07216495]


reference1_cts_s
[19429.60824742 18590.35051546 18780.37113402 18463.67010309
 18083.62886598 18115.29896907 18305.31958763 17703.58762887
 19524.6185567  18384.49484536 18321.15463918 18954.55670103
 18748.70103093 17814.43298969 18859.54639175 18241.97938144
 19223.75257732 19192.08247423 18780.37113402 19128.74226804
 18637.8556701  19255.42268041 19382.10309278 18938.72164948
 18590.35051546 18463.67010309 17719.42268041 18162.80412371
 19097.07216495 18954.55670103 19382.10309278 19334.59793814
 18875.3814433  18748.70103093 19429.60824742 18891.21649485
 19445.44329897 18796.20618557 18162.80412371 18796.20618557
 17972.78350515 18400.32989691 18653.69072165 17497.73195876
 18067.79381443 19508.78350515 18194.4742268  19207.91752577
 17656.08247423 18622.02061856 18843.71134021 19556.28865979
 18178.63917526 18685.36082474 19461.27835052 19382.10309278
 19508.78350515 18859.54639175 19651.29896907 19603.79381443
 19049.56701031 19033.73195876 18717.03092784 18875.3814433
 17893.60824742 18986.22680412 19635.46391753 18685.36082474
 18938.72164948 18669.5257732  18305.31958763 18527.01030928
 19382.10309278 18954.55670103 19382.10309278 19207.91752577
 18796.20618557 19556.28865979 19350.43298969 18495.34020619
 18542.84536082 18447.83505155 18400.32989691 18273.64948454
 18685.36082474 18463.67010309 18447.83505155 19017.89690722
 18812.04123711 19128.74226804 18352.82474227 20379.71134021
 18827.87628866 19081.2371134  17877.77319588 17972.78350515
 18020.28865979 19192.08247423 19128.74226804 18796.20618557]


signal2_cts_s
[18226.1443299  18653.69072165 17925.27835052 18432.
 17086.02061856 19635.46391753 18368.65979381 18463.67010309
 18289.48453608 17260.20618557 17893.60824742 17909.44329897
 19366.26804124 19271.25773196 17814.43298969 18859.54639175
 19366.26804124 18622.02061856 19112.90721649 18178.63917526
 18115.29896907 18653.69072165 17656.08247423 18796.20618557
 18447.83505155 18922.88659794 17719.42268041 18321.15463918
 18812.04123711 18891.21649485 17307.71134021 19081.2371134
 18305.31958763 18970.39175258 17972.78350515 17893.60824742
 18827.87628866 18162.80412371 18606.18556701 18527.01030928
 18875.3814433  18368.65979381 17671.91752577 18479.50515464
 18305.31958763 18732.86597938 18748.70103093 18827.87628866
 18542.84536082 17640.24742268 18194.4742268  17608.57731959
 18416.16494845 18970.39175258 18701.19587629 18036.12371134
 18067.79381443 17814.43298969 19413.77319588 18447.83505155
 18527.01030928 18131.13402062 17371.05154639 18289.48453608
 18146.96907216 18400.32989691 17766.92783505 18178.63917526
 18495.34020619 18954.55670103 17972.78350515 18210.30927835
 17038.51546392 18004.45360825 17497.73195876 18020.28865979
 18289.48453608 18321.15463918 17592.74226804 18447.83505155
 18020.28865979 18368.65979381 18036.12371134 18938.72164948
 18590.35051546 18542.84536082 18146.96907216 19397.93814433
 18336.98969072 17576.90721649 18289.48453608 18590.35051546
 19176.24742268 18542.84536082 18511.17525773 18194.4742268
 18004.45360825 17418.55670103 17703.58762887 17687.75257732]


reference2_cts_s
[19271.25773196 18764.53608247 19239.58762887 18748.70103093
 18701.19587629 19556.28865979 19033.73195876 18273.64948454
 18907.05154639 19160.41237113 19983.83505155 19445.44329897
 20078.84536082 19302.92783505 18748.70103093 18479.50515464
 19920.49484536 18257.81443299 19587.95876289 18764.53608247
 18780.37113402 18606.18556701 19730.4742268  18558.68041237
 19128.74226804 18685.36082474 18384.49484536 20158.02061856
 19413.77319588 19176.24742268 18717.03092784 19049.56701031
 19318.7628866  18922.88659794 19081.2371134  19144.57731959
 18321.15463918 19097.07216495 18447.83505155 18194.4742268
 20015.50515464 18685.36082474 18400.32989691 18954.55670103
 19049.56701031 18273.64948454 19065.40206186 19825.48453608
 19746.30927835 19112.90721649 19128.74226804 19002.06185567
 19176.24742268 18511.17525773 18574.51546392 19825.48453608
 19033.73195876 19002.06185567 19271.25773196 18368.65979381
 18036.12371134 18827.87628866 17909.44329897 18146.96907216
 19065.40206186 19017.89690722 18321.15463918 20094.68041237
 18574.51546392 20712.24742268 18273.64948454 18701.19587629
 19508.78350515 19999.67010309 19128.74226804 18051.95876289
 18574.51546392 18194.4742268  19033.73195876 19841.31958763
 18226.1443299  18938.72164948 18922.88659794 19382.10309278
 18622.02061856 19081.2371134  18257.81443299 19667.13402062
 18954.55670103 20363.87628866 19097.07216495 19619.62886598
 18590.35051546 18590.35051546 19920.49484536 19334.59793814
 19128.74226804 18938.72164948 17925.27835052 19508.78350515]


contrast
[0.98262381 0.97113752 0.954947   0.90034364 0.87303058 0.75806452
 0.75775862 0.69554031 0.69437229 0.71743119 0.82477876 0.78337754
 0.80621423 0.90550534 0.94844444 0.93450882 0.95502862 0.99914966
 0.96354598 1.00783972 0.94143357 0.87096774 0.89775785 0.7598989
 0.77167382 0.71464435 0.73994638 0.78565255 0.82659933 0.7845767
 0.9021043  0.81825726 0.92647059 0.9457429  1.00881057 0.98495575
 1.00756939 0.97210113 0.90297872 0.82820513 0.77265101 0.81293103
 0.79569892 0.73093402 0.73183391 0.70583263 0.76013514 0.7687132
 0.8351836  0.9497307  0.86771105 0.99100719 0.99484093 0.9590985
 0.9661304  0.97892888 0.91936897 0.86044444 0.7822186  0.76223176
 0.73247863 0.78253275 0.7620784  0.6969697  0.79232112 0.79432014
 0.93582888 0.8728223  0.92294521 0.97577277 0.9814978  0.97826087
 1.05390335 1.00351803 1.01538462 0.91212654 0.84761905 0.82368194
 0.76507651 0.727897   0.73286467 0.72758621 0.7594381  0.76588629
 0.85775128 0.86848847 0.94502618 0.91510204 0.99913644 1.09369369
 1.05627706 0.97870528 0.81833196 0.90093937 0.81864842 0.81723238
 0.78979771 0.76818182 0.77101968 0.73231871]


sweep_pts
[  25.   50.   75.  100.  125.  150.  175.  200.  225.  250.  275.  300.
  325.  350.  375.  400.  425.  450.  475.  500.  525.  550.  575.  600.
  625.  650.  675.  700.  725.  750.  775.  800.  825.  850.  875.  900.
  925.  950.  975. 1000. 1025. 1050. 1075. 1100. 1125. 1150. 1175. 1200.
 1225. 1250. 1275. 1300. 1325. 1350. 1375. 1400. 1425. 1450. 1475. 1500.
 1525. 1550. 1575. 1600. 1625. 1650. 1675. 1700. 1725. 1750. 1775. 1800.
 1825. 1850. 1875. 1900. 1925. 1950. 1975. 2000. 2025. 2050. 2075. 2100.
 2125. 2150. 2175. 2200. 2225. 2250. 2275. 2300. 2325. 2350. 2375. 2400.
 2425. 2450. 2475. 2500.]


mw_duration_ftsamp
[  25   50   75  100  125  150  175  200  225  250  275  300  325  350
  375  400  425  450  475  500  525  550  575  600  625  650  675  700
  725  750  775  800  825  850  875  900  925  950  975 1000 1025 1050
 1075 1100 1125 1150 1175 1200 1225 1250 1275 1300 1325 1350 1375 1400
 1425 1450 1475 1500 1525 1550 1575 1600 1625 1650 1675 1700 1725 1750
 1775 1800 1825 1850 1875 1900 1925 1950 1975 2000 2025 2050 2075 2100
 2125 2150 2175 2200 2225 2250 2275 2300 2325 2350 2375 2400 2425 2450
 2475 2500]


sweep_param
mw_duration_ftsamp


mw_duration_ftus
[0.00508626 0.01017253 0.01525879 0.02034505 0.02543132 0.03051758
 0.03560384 0.0406901  0.04577637 0.05086263 0.05594889 0.06103516
 0.06612142 0.07120768 0.07629395 0.08138021 0.08646647 0.09155273
 0.096639   0.10172526 0.10681152 0.11189779 0.11698405 0.12207031
 0.12715658 0.13224284 0.1373291  0.14241536 0.14750163 0.15258789
 0.15767415 0.16276042 0.16784668 0.17293294 0.17801921 0.18310547
 0.18819173 0.19327799 0.19836426 0.20345052 0.20853678 0.21362305
 0.21870931 0.22379557 0.22888184 0.2339681  0.23905436 0.24414062
 0.24922689 0.25431315 0.25939941 0.26448568 0.26957194 0.2746582
 0.27974447 0.28483073 0.28991699 0.29500326 0.30008952 0.30517578
 0.31026204 0.31534831 0.32043457 0.32552083 0.3306071  0.33569336
 0.34077962 0.34586589 0.35095215 0.35603841 0.36112467 0.36621094
 0.3712972  0.37638346 0.38146973 0.38655599 0.39164225 0.39672852
 0.40181478 0.40690104 0.4119873  0.41707357 0.42215983 0.42724609
 0.43233236 0.43741862 0.44250488 0.44759115 0.45267741 0.45776367
 0.46284993 0.4679362  0.47302246 0.47810872 0.48319499 0.48828125
 0.49336751 0.49845378 0.50354004 0.5086263 ]


mw_duration_ftns
[  5.08626302  10.17252604  15.25878906  20.34505208  25.4313151
  30.51757812  35.60384115  40.69010417  45.77636719  50.86263021
  55.94889323  61.03515625  66.12141927  71.20768229  76.29394531
  81.38020833  86.46647135  91.55273438  96.6389974  101.72526042
 106.81152344 111.89778646 116.98404948 122.0703125  127.15657552
 132.24283854 137.32910156 142.41536458 147.5016276  152.58789062
 157.67415365 162.76041667 167.84667969 172.93294271 178.01920573
 183.10546875 188.19173177 193.27799479 198.36425781 203.45052083
 208.53678385 213.62304688 218.7093099  223.79557292 228.88183594
 233.96809896 239.05436198 244.140625   249.22688802 254.31315104
 259.39941406 264.48567708 269.5719401  274.65820312 279.74446615
 284.83072917 289.91699219 295.00325521 300.08951823 305.17578125
 310.26204427 315.34830729 320.43457031 325.52083333 330.60709635
 335.69335938 340.7796224  345.86588542 350.95214844 356.03841146
 361.12467448 366.2109375  371.29720052 376.38346354 381.46972656
 386.55598958 391.6422526  396.72851562 401.81477865 406.90104167
 411.98730469 417.07356771 422.15983073 427.24609375 432.33235677
 437.41861979 442.50488281 447.59114583 452.67740885 457.76367188
 462.8499349  467.93619792 473.02246094 478.10872396 483.19498698
 488.28125    493.36751302 498.45377604 503.54003906 508.62630208]

