Gain: 32767
Pulse width: 5000
Delta: 100

signal1
[360 357 371 327 353 305 329 336 362 321 332 389 323 374 358 308 332 295
 348 337 322 371 319 355 333 335 308 354 344 326 375 354 352 353 347 316
 317 344 293 369 367 352 317 326 349 330 366 319 363 330]


reference1
[387 395 367 343 392 397 376 374 374 363 371 369 343 383 358 354 349 359
 355 363 348 321 367 318 348 380 356 366 366 346 364 372 331 388 360 345
 379 358 369 331 340 359 392 371 365 336 353 345 358 371]


signal2
[353 362 365 361 362 336 331 360 360 342 340 356 377 357 344 321 337 338
 378 369 366 363 346 359 371 343 335 376 302 359 354 362 335 351 341 366
 355 325 362 371 325 341 337 361 343 308 341 359 308 352]


reference2
[361 368 372 321 341 371 356 361 403 400 365 370 395 370 349 371 392 346
 343 347 370 383 381 366 324 347 355 356 377 397 366 350 377 353 363 332
 366 355 361 372 363 393 412 352 369 355 372 379 356 407]


signal1_cts_s
[5700.6185567  5653.11340206 5874.80412371 5178.06185567 5589.77319588
 4829.69072165 5209.73195876 5320.57731959 5732.28865979 5083.05154639
 5257.2371134  6159.83505155 5114.72164948 5922.30927835 5668.94845361
 4877.19587629 5257.2371134  4671.34020619 5510.59793814 5336.41237113
 5098.88659794 5874.80412371 5051.3814433  5621.44329897 5273.07216495
 5304.74226804 4877.19587629 5605.60824742 5447.25773196 5162.22680412
 5938.1443299  5605.60824742 5573.93814433 5589.77319588 5494.7628866
 5003.87628866 5019.71134021 5447.25773196 4639.67010309 5843.13402062
 5811.46391753 5573.93814433 5019.71134021 5162.22680412 5526.43298969
 5225.56701031 5795.62886598 5051.3814433  5748.12371134 5225.56701031]


reference1_cts_s
[6128.16494845 6254.84536082 5811.46391753 5431.42268041 6207.34020619
 6286.51546392 5953.97938144 5922.30927835 5922.30927835 5748.12371134
 5874.80412371 5843.13402062 5431.42268041 6064.82474227 5668.94845361
 5605.60824742 5526.43298969 5684.78350515 5621.44329897 5748.12371134
 5510.59793814 5083.05154639 5811.46391753 5035.54639175 5510.59793814
 6017.31958763 5637.27835052 5795.62886598 5795.62886598 5478.92783505
 5763.95876289 5890.63917526 5241.40206186 6144.         5700.6185567
 5463.09278351 6001.48453608 5668.94845361 5843.13402062 5241.40206186
 5383.91752577 5684.78350515 6207.34020619 5874.80412371 5779.79381443
 5320.57731959 5589.77319588 5463.09278351 5668.94845361 5874.80412371]


signal2_cts_s
[5589.77319588 5732.28865979 5779.79381443 5716.45360825 5732.28865979
 5320.57731959 5241.40206186 5700.6185567  5700.6185567  5415.58762887
 5383.91752577 5637.27835052 5969.81443299 5653.11340206 5447.25773196
 5083.05154639 5336.41237113 5352.24742268 5985.64948454 5843.13402062
 5795.62886598 5748.12371134 5478.92783505 5684.78350515 5874.80412371
 5431.42268041 5304.74226804 5953.97938144 4782.18556701 5684.78350515
 5605.60824742 5732.28865979 5304.74226804 5558.10309278 5399.75257732
 5795.62886598 5621.44329897 5146.39175258 5732.28865979 5874.80412371
 5146.39175258 5399.75257732 5336.41237113 5716.45360825 5431.42268041
 4877.19587629 5399.75257732 5684.78350515 4877.19587629 5573.93814433]


reference2_cts_s
[5716.45360825 5827.29896907 5890.63917526 5083.05154639 5399.75257732
 5874.80412371 5637.27835052 5716.45360825 6381.5257732  6334.02061856
 5779.79381443 5858.96907216 6254.84536082 5858.96907216 5526.43298969
 5874.80412371 6207.34020619 5478.92783505 5431.42268041 5494.7628866
 5858.96907216 6064.82474227 6033.15463918 5795.62886598 5130.55670103
 5494.7628866  5621.44329897 5637.27835052 5969.81443299 6286.51546392
 5795.62886598 5542.26804124 5969.81443299 5589.77319588 5748.12371134
 5257.2371134  5795.62886598 5621.44329897 5716.45360825 5890.63917526
 5748.12371134 6223.17525773 6524.04123711 5573.93814433 5843.13402062
 5621.44329897 5890.63917526 6001.48453608 5637.27835052 6444.86597938]


contrast
[1.01983003 0.98618785 1.01643836 0.90581717 0.97513812 0.9077381
 0.9939577  0.93333333 1.00555556 0.93859649 0.97647059 1.09269663
 0.85676393 1.04761905 1.04069767 0.95950156 0.9851632  0.87278107
 0.92063492 0.91327913 0.87978142 1.02203857 0.92196532 0.98885794
 0.89757412 0.97667638 0.91940299 0.94148936 1.13907285 0.90807799
 1.05932203 0.97790055 1.05074627 1.00569801 1.01759531 0.86338798
 0.89295775 1.05846154 0.80939227 0.99460916 1.12923077 1.03225806
 0.94065282 0.90304709 1.01749271 1.07142857 1.07331378 0.88857939
 1.17857143 0.9375    ]


sweep_pts
[   25.   517.  1009.  1501.  1993.  2485.  2977.  3469.  3961.  4453.
  4945.  5437.  5929.  6421.  6913.  7405.  7897.  8389.  8881.  9373.
  9865. 10357. 10849. 11341. 11833. 12325. 12817. 13309. 13801. 14293.
 14785. 15277. 15769. 16261. 16753. 17245. 17737. 18229. 18721. 19213.
 19705. 20197. 20689. 21181. 21673. 22165. 22657. 23149. 23641. 24133.]


mw_duration_ftsamp
[   25   517  1009  1501  1993  2485  2977  3469  3961  4453  4945  5437
  5929  6421  6913  7405  7897  8389  8881  9373  9865 10357 10849 11341
 11833 12325 12817 13309 13801 14293 14785 15277 15769 16261 16753 17245
 17737 18229 18721 19213 19705 20197 20689 21181 21673 22165 22657 23149
 23641 24133]


sweep_param
mw_duration_ftsamp


mw_duration_ftus
[0.00508626 0.10518392 0.20528158 0.30537923 0.40547689 0.50557454
 0.6056722  0.70576986 0.80586751 0.90596517 1.00606283 1.10616048
 1.20625814 1.30635579 1.40645345 1.50655111 1.60664876 1.70674642
 1.80684408 1.90694173 2.00703939 2.10713704 2.2072347  2.30733236
 2.40743001 2.50752767 2.60762533 2.70772298 2.80782064 2.90791829
 3.00801595 3.10811361 3.20821126 3.30830892 3.40840658 3.50850423
 3.60860189 3.70869954 3.8087972  3.90889486 4.00899251 4.10909017
 4.20918783 4.30928548 4.40938314 4.50948079 4.60957845 4.70967611
 4.80977376 4.90987142]


mw_duration_ftns
[   5.08626302  105.18391927  205.28157552  305.37923177  405.47688802
  505.57454427  605.67220052  705.76985677  805.86751302  905.96516927
 1006.06282552 1106.16048177 1206.25813802 1306.35579427 1406.45345052
 1506.55110677 1606.64876302 1706.74641927 1806.84407552 1906.94173177
 2007.03938802 2107.13704427 2207.23470052 2307.33235677 2407.43001302
 2507.52766927 2607.62532552 2707.72298177 2807.82063802 2907.91829427
 3008.01595052 3108.11360677 3208.21126302 3308.30891927 3408.40657552
 3508.50423177 3608.60188802 3708.69954427 3808.79720052 3908.89485677
 4008.99251302 4109.09016927 4209.18782552 4309.28548177 4409.38313802
 4509.48079427 4609.57845052 4709.67610677 4809.77376302 4909.87141927]

