Gain: 16000
Pulse width: 500
Delta: 15

signal1
[649 606 630 578 550 570 513 528 501 497 537 480 463 501 479 527 476 472
 524 500 555 557 535 563 585 603 638 584 604 647 584 591 602 594 559 594
 548 581 511 522 503 503 487 472 463 487 454 470 513 544 557 546 559 561
 573 560 609 592 626 617 542 558 581 534 580 565 522 515 508 534 546 481
 485 531 469 487 512 514 507 561 530 580 555 504 611 599 620 601 586 573
 640 634 603 605 548 592 537 538 520 496]


reference1
[667 617 637 671 633 597 577 614 610 569 603 597 588 625 627 591 603 568
 600 564 574 631 650 608 611 608 620 631 645 638 625 580 667 584 618 642
 651 629 603 603 629 640 621 619 582 607 622 628 604 591 621 627 626 573
 602 645 569 576 618 591 629 650 672 634 594 585 611 622 624 621 591 603
 581 575 556 597 590 586 624 571 628 638 665 637 581 676 620 617 628 631
 603 573 666 606 642 631 621 625 608 617]


signal2
[594 541 605 597 645 647 623 552 627 583 580 589 613 621 588 597 553 602
 575 571 611 579 597 594 586 611 626 600 621 597 616 597 562 581 593 575
 608 561 603 579 584 617 568 588 596 583 571 632 599 589 625 572 631 592
 644 572 599 657 638 604 568 607 573 622 584 589 580 582 626 567 581 585
 556 624 533 599 586 625 630 596 572 567 619 597 577 617 617 638 599 602
 609 592 573 625 609 596 587 583 587 605]


reference2
[653 648 651 623 650 650 611 616 594 578 599 631 635 631 599 612 623 640
 643 643 635 619 612 632 621 677 610 651 604 630 606 678 603 603 630 577
 665 653 650 607 644 629 605 596 630 609 620 651 604 671 611 592 585 611
 630 654 628 650 621 609 590 619 602 680 628 622 638 669 628 595 660 645
 671 646 615 626 611 581 650 596 632 647 654 621 651 636 623 621 585 623
 622 626 617 617 610 641 614 650 678 668]


signal1_cts_s
[10276.94845361  9596.04123711  9976.08247423  9152.65979381
  8709.27835052  9025.97938144  8123.3814433   8360.90721649
  7933.36082474  7870.02061856  8503.42268041  7600.82474227
  7331.62886598  7933.36082474  7584.98969072  8345.07216495
  7537.48453608  7474.1443299   8297.56701031  7917.5257732
  8788.45360825  8820.12371134  8471.75257732  8915.13402062
  9263.50515464  9548.53608247 10102.7628866   9247.67010309
  9564.37113402 10245.27835052  9247.67010309  9358.51546392
  9532.70103093  9406.02061856  8851.79381443  9406.02061856
  8677.60824742  9200.16494845  8091.71134021  8265.89690722
  7965.03092784  7965.03092784  7711.67010309  7474.1443299
  7331.62886598  7711.67010309  7189.11340206  7442.4742268
  8123.3814433   8614.26804124  8820.12371134  8645.93814433
  8851.79381443  8883.46391753  9073.48453608  8867.62886598
  9643.54639175  9374.35051546  9912.74226804  9770.22680412
  8582.59793814  8835.95876289  9200.16494845  8455.91752577
  9184.32989691  8946.80412371  8265.89690722  8155.05154639
  8044.20618557  8455.91752577  8645.93814433  7616.65979381
  7680.          8408.41237113  7426.63917526  7711.67010309
  8107.54639175  8139.21649485  8028.37113402  8883.46391753
  8392.57731959  9184.32989691  8788.45360825  7980.86597938
  9675.21649485  9485.19587629  9817.73195876  9516.86597938
  9279.34020619  9073.48453608 10134.43298969 10039.42268041
  9548.53608247  9580.20618557  8677.60824742  9374.35051546
  8503.42268041  8519.25773196  8234.22680412  7854.18556701]


reference1_cts_s
[10561.97938144  9770.22680412 10086.92783505 10625.31958763
 10023.58762887  9453.5257732   9136.82474227  9722.72164948
  9659.3814433   9010.1443299   9548.53608247  9453.5257732
  9311.01030928  9896.90721649  9928.57731959  9358.51546392
  9548.53608247  8994.30927835  9501.03092784  8930.96907216
  9089.31958763  9991.91752577 10292.78350515  9627.71134021
  9675.21649485  9627.71134021  9817.73195876  9991.91752577
 10213.60824742 10102.7628866   9896.90721649  9184.32989691
 10561.97938144  9247.67010309  9786.06185567 10166.10309278
 10308.6185567   9960.24742268  9548.53608247  9548.53608247
  9960.24742268 10134.43298969  9833.56701031  9801.89690722
  9216.          9611.87628866  9849.40206186  9944.41237113
  9564.37113402  9358.51546392  9833.56701031  9928.57731959
  9912.74226804  9073.48453608  9532.70103093 10213.60824742
  9010.1443299   9120.98969072  9786.06185567  9358.51546392
  9960.24742268 10292.78350515 10641.15463918 10039.42268041
  9406.02061856  9263.50515464  9675.21649485  9849.40206186
  9881.07216495  9833.56701031  9358.51546392  9548.53608247
  9200.16494845  9105.15463918  8804.28865979  9453.5257732
  9342.68041237  9279.34020619  9881.07216495  9041.81443299
  9944.41237113 10102.7628866  10530.30927835 10086.92783505
  9200.16494845 10704.49484536  9817.73195876  9770.22680412
  9944.41237113  9991.91752577  9548.53608247  9073.48453608
 10546.1443299   9596.04123711 10166.10309278  9991.91752577
  9833.56701031  9896.90721649  9627.71134021  9770.22680412]


signal2_cts_s
[ 9406.02061856  8566.7628866   9580.20618557  9453.5257732
 10213.60824742 10245.27835052  9865.2371134   8740.94845361
  9928.57731959  9231.83505155  9184.32989691  9326.84536082
  9706.88659794  9833.56701031  9311.01030928  9453.5257732
  8756.78350515  9532.70103093  9105.15463918  9041.81443299
  9675.21649485  9168.49484536  9453.5257732   9406.02061856
  9279.34020619  9675.21649485  9912.74226804  9501.03092784
  9833.56701031  9453.5257732   9754.39175258  9453.5257732
  8899.29896907  9200.16494845  9390.18556701  9105.15463918
  9627.71134021  8883.46391753  9548.53608247  9168.49484536
  9247.67010309  9770.22680412  8994.30927835  9311.01030928
  9437.69072165  9231.83505155  9041.81443299 10007.75257732
  9485.19587629  9326.84536082  9896.90721649  9057.64948454
  9991.91752577  9374.35051546 10197.77319588  9057.64948454
  9485.19587629 10403.62886598 10102.7628866   9564.37113402
  8994.30927835  9611.87628866  9073.48453608  9849.40206186
  9247.67010309  9326.84536082  9184.32989691  9216.
  9912.74226804  8978.4742268   9200.16494845  9263.50515464
  8804.28865979  9881.07216495  8440.08247423  9485.19587629
  9279.34020619  9896.90721649  9976.08247423  9437.69072165
  9057.64948454  8978.4742268   9801.89690722  9453.5257732
  9136.82474227  9770.22680412  9770.22680412 10102.7628866
  9485.19587629  9532.70103093  9643.54639175  9374.35051546
  9073.48453608  9896.90721649  9643.54639175  9437.69072165
  9295.17525773  9231.83505155  9295.17525773  9580.20618557]


reference2_cts_s
[10340.28865979 10261.11340206 10308.6185567   9865.2371134
 10292.78350515 10292.78350515  9675.21649485  9754.39175258
  9406.02061856  9152.65979381  9485.19587629  9991.91752577
 10055.25773196  9991.91752577  9485.19587629  9691.05154639
  9865.2371134  10134.43298969 10181.93814433 10181.93814433
 10055.25773196  9801.89690722  9691.05154639 10007.75257732
  9833.56701031 10720.32989691  9659.3814433  10308.6185567
  9564.37113402  9976.08247423  9596.04123711 10736.16494845
  9548.53608247  9548.53608247  9976.08247423  9136.82474227
 10530.30927835 10340.28865979 10292.78350515  9611.87628866
 10197.77319588  9960.24742268  9580.20618557  9437.69072165
  9976.08247423  9643.54639175  9817.73195876 10308.6185567
  9564.37113402 10625.31958763  9675.21649485  9374.35051546
  9263.50515464  9675.21649485  9976.08247423 10356.12371134
  9944.41237113 10292.78350515  9833.56701031  9643.54639175
  9342.68041237  9801.89690722  9532.70103093 10767.83505155
  9944.41237113  9849.40206186 10102.7628866  10593.64948454
  9944.41237113  9421.8556701  10451.13402062 10213.60824742
 10625.31958763 10229.44329897  9738.55670103  9912.74226804
  9675.21649485  9200.16494845 10292.78350515  9437.69072165
 10007.75257732 10245.27835052 10356.12371134  9833.56701031
 10308.6185567  10071.09278351  9865.2371134   9833.56701031
  9263.50515464  9865.2371134   9849.40206186  9912.74226804
  9770.22680412  9770.22680412  9659.3814433  10150.26804124
  9722.72164948 10292.78350515 10736.16494845 10577.81443299]


contrast
[1.09259259 1.12014787 1.04132231 0.9681742  0.85271318 0.88098918
 0.82343499 0.95652174 0.79904306 0.85248714 0.92586207 0.81494058
 0.75530179 0.80676329 0.81462585 0.88274707 0.86075949 0.78405316
 0.91130435 0.87565674 0.90834697 0.96200345 0.8961474  0.94781145
 0.99829352 0.98690671 1.01916933 0.97333333 0.9726248  1.08375209
 0.94805195 0.98994975 1.07117438 1.02237522 0.94266442 1.03304348
 0.90131579 1.03565062 0.84742952 0.9015544  0.86130137 0.81523501
 0.85739437 0.80272109 0.77684564 0.83533448 0.79509632 0.74367089
 0.85642738 0.92359932 0.8912     0.95454545 0.8858954  0.94763514
 0.88975155 0.97902098 1.01669449 0.90106545 0.98119122 1.02152318
 0.95422535 0.91927512 1.01396161 0.8585209  0.99315068 0.95925297
 0.9        0.88487973 0.8115016  0.94179894 0.93975904 0.82222222
 0.87230216 0.85096154 0.87992495 0.8130217  0.87372014 0.8224
 0.8047619  0.94127517 0.92657343 1.02292769 0.89660743 0.84422111
 1.05892548 0.97082658 1.00486224 0.94200627 0.97829716 0.95182724
 1.05090312 1.07094595 1.05235602 0.968      0.8998358  0.99328859
 0.91482112 0.92281304 0.88586031 0.81983471]


sweep_pts
[  25.   50.   75.  100.  125.  150.  175.  200.  225.  250.  275.  300.
  325.  350.  375.  400.  425.  450.  475.  500.  525.  550.  575.  600.
  625.  650.  675.  700.  725.  750.  775.  800.  825.  850.  875.  900.
  925.  950.  975. 1000. 1025. 1050. 1075. 1100. 1125. 1150. 1175. 1200.
 1225. 1250. 1275. 1300. 1325. 1350. 1375. 1400. 1425. 1450. 1475. 1500.
 1525. 1550. 1575. 1600. 1625. 1650. 1675. 1700. 1725. 1750. 1775. 1800.
 1825. 1850. 1875. 1900. 1925. 1950. 1975. 2000. 2025. 2050. 2075. 2100.
 2125. 2150. 2175. 2200. 2225. 2250. 2275. 2300. 2325. 2350. 2375. 2400.
 2425. 2450. 2475. 2500.]


mw_duration_ftsamp
[  25   50   75  100  125  150  175  200  225  250  275  300  325  350
  375  400  425  450  475  500  525  550  575  600  625  650  675  700
  725  750  775  800  825  850  875  900  925  950  975 1000 1025 1050
 1075 1100 1125 1150 1175 1200 1225 1250 1275 1300 1325 1350 1375 1400
 1425 1450 1475 1500 1525 1550 1575 1600 1625 1650 1675 1700 1725 1750
 1775 1800 1825 1850 1875 1900 1925 1950 1975 2000 2025 2050 2075 2100
 2125 2150 2175 2200 2225 2250 2275 2300 2325 2350 2375 2400 2425 2450
 2475 2500]


sweep_param
mw_duration_ftsamp


mw_duration_ftus
[0.00508626 0.01017253 0.01525879 0.02034505 0.02543132 0.03051758
 0.03560384 0.0406901  0.04577637 0.05086263 0.05594889 0.06103516
 0.06612142 0.07120768 0.07629395 0.08138021 0.08646647 0.09155273
 0.096639   0.10172526 0.10681152 0.11189779 0.11698405 0.12207031
 0.12715658 0.13224284 0.1373291  0.14241536 0.14750163 0.15258789
 0.15767415 0.16276042 0.16784668 0.17293294 0.17801921 0.18310547
 0.18819173 0.19327799 0.19836426 0.20345052 0.20853678 0.21362305
 0.21870931 0.22379557 0.22888184 0.2339681  0.23905436 0.24414062
 0.24922689 0.25431315 0.25939941 0.26448568 0.26957194 0.2746582
 0.27974447 0.28483073 0.28991699 0.29500326 0.30008952 0.30517578
 0.31026204 0.31534831 0.32043457 0.32552083 0.3306071  0.33569336
 0.34077962 0.34586589 0.35095215 0.35603841 0.36112467 0.36621094
 0.3712972  0.37638346 0.38146973 0.38655599 0.39164225 0.39672852
 0.40181478 0.40690104 0.4119873  0.41707357 0.42215983 0.42724609
 0.43233236 0.43741862 0.44250488 0.44759115 0.45267741 0.45776367
 0.46284993 0.4679362  0.47302246 0.47810872 0.48319499 0.48828125
 0.49336751 0.49845378 0.50354004 0.5086263 ]


mw_duration_ftns
[  5.08626302  10.17252604  15.25878906  20.34505208  25.4313151
  30.51757812  35.60384115  40.69010417  45.77636719  50.86263021
  55.94889323  61.03515625  66.12141927  71.20768229  76.29394531
  81.38020833  86.46647135  91.55273438  96.6389974  101.72526042
 106.81152344 111.89778646 116.98404948 122.0703125  127.15657552
 132.24283854 137.32910156 142.41536458 147.5016276  152.58789062
 157.67415365 162.76041667 167.84667969 172.93294271 178.01920573
 183.10546875 188.19173177 193.27799479 198.36425781 203.45052083
 208.53678385 213.62304688 218.7093099  223.79557292 228.88183594
 233.96809896 239.05436198 244.140625   249.22688802 254.31315104
 259.39941406 264.48567708 269.5719401  274.65820312 279.74446615
 284.83072917 289.91699219 295.00325521 300.08951823 305.17578125
 310.26204427 315.34830729 320.43457031 325.52083333 330.60709635
 335.69335938 340.7796224  345.86588542 350.95214844 356.03841146
 361.12467448 366.2109375  371.29720052 376.38346354 381.46972656
 386.55598958 391.6422526  396.72851562 401.81477865 406.90104167
 411.98730469 417.07356771 422.15983073 427.24609375 432.33235677
 437.41861979 442.50488281 447.59114583 452.67740885 457.76367188
 462.8499349  467.93619792 473.02246094 478.10872396 483.19498698
 488.28125    493.36751302 498.45377604 503.54003906 508.62630208]

