Gain: 32767
Pulse width: 500
Delta: 5
Reps: 150000

signal1
[6161 5926 5623 5445 4979 4762 4315 4342 4291 4255 4549 4799 5051 5374
 5644 5857 6148 6254 6110 6047 5803 5421 5135 4896 4404 4368 4257 4342
 4429 4748 4860 5346 5650 5855 6199 6252 6278 5893 5639 5573 5215 4931
 4613 4425 4232 4346 4433 4625 4868 5250 5488 5766 6155 6288 6128 6049
 5909 5780 5335 4917 4621 4473 4232 4417 4389 4584 4890 5264 5503 5725
 5988 6082 6212 6008 5950 5722 5364 5045 4799 4516 4374 4238 4292 4430
 4641 5170 5419 5568 5902 6017 6162 6071 6041 5757 5430 5053 4792 4537
 4240 4340]


reference1
[6413 6212 6274 6332 6263 6318 6435 6340 6232 6271 6215 6320 6155 6192
 6220 6338 6294 6394 6366 6425 6303 6296 6253 6223 6224 6144 6311 6288
 6238 6290 6403 6300 6434 6262 6290 6318 6112 6393 6375 6311 6417 6196
 6262 6262 6249 6280 6341 6269 6278 6200 6338 6229 6292 6262 6328 6402
 6296 6328 6247 6257 6300 6160 6303 6208 6252 6394 6355 6171 6212 6334
 6291 6324 6340 6358 6326 6188 6256 6236 6297 6283 6335 6332 6172 6194
 6394 6356 6289 6349 6239 6282 6337 6177 6246 6293 6258 6276 6354 6188
 6267 6233]


signal2
[6136 6324 6162 6163 6175 6118 6228 6093 6187 6174 6119 6148 6057 6098
 6162 6290 6111 6153 6094 6305 6166 6288 6141 6199 6194 6026 6112 6268
 6131 6326 6201 6060 6051 6327 6293 6302 6116 6250 6206 6123 6209 6098
 6147 6279 6131 6121 6270 6194 6364 6232 6162 6249 6242 6234 6118 6256
 6147 6245 5940 6196 6241 6115 6058 6097 6264 6129 6329 6131 6209 6210
 6119 6327 6247 6139 6182 6180 6145 6110 6138 5963 6181 6236 6105 6224
 6085 6262 6056 6093 6201 6242 6190 6040 6233 6098 6061 6244 6266 6119
 6168 6193]


reference2
[6419 6356 6375 6273 6122 6351 6238 6326 6273 6314 6486 6368 6286 6224
 6425 6294 6259 6241 6355 6283 6292 6201 6343 6262 6275 6197 6335 6415
 6224 6203 6312 6389 6336 6231 6270 6414 6331 6242 6384 6284 6330 6179
 6235 6236 6282 6357 6264 6580 6425 6240 6332 6388 6282 6303 6289 6415
 6168 6294 6151 6313 6436 6097 6274 6218 6204 6314 6242 6350 6360 6292
 6332 6363 6353 6329 6310 6284 6328 6312 6385 6231 6109 6318 6308 6238
 6303 6218 6363 6482 6122 6276 6309 6094 6373 6283 6341 6315 6367 6295
 6374 6133]


signal1_cts_s
[65039.83505155 62559.01030928 59360.32989691 57481.2371134
 52561.81443299 50271.01030928 45552.16494845 45837.19587629
 45298.80412371 44918.7628866  48022.43298969 50661.60824742
 53321.89690722 56731.71134021 59582.02061856 61830.59793814
 64902.59793814 66021.60824742 64501.44329897 63836.37113402
 61260.53608247 57227.87628866 54208.65979381 51685.60824742
 46491.71134021 46111.67010309 44939.87628866 45837.19587629
 46755.62886598 50123.21649485 51305.56701031 56436.12371134
 59645.36082474 61809.48453608 65440.98969072 66000.49484536
 66274.96907216 62210.63917526 59529.2371134  58832.49484536
 55053.19587629 52055.09278351 48698.06185567 46713.40206186
 44675.95876289 45879.42268041 46797.8556701  48824.74226804
 51390.02061856 55422.68041237 57935.17525773 60869.93814433
 64976.49484536 66380.53608247 64691.46391753 63857.48453608
 62379.54639175 61017.73195876 56320.         51907.29896907
 48782.51546392 47220.12371134 44675.95876289 46628.94845361
 46333.36082474 48391.91752577 51622.26804124 55570.4742268
 58093.5257732  60437.11340206 63213.5257732  64205.8556701
 65578.22680412 63424.65979381 62812.37113402 60405.44329897
 56626.1443299  53258.55670103 50661.60824742 47674.06185567
 46175.01030928 44739.29896907 45309.36082474 46766.18556701
 48993.64948454 54578.1443299  57206.7628866  58779.71134021
 62305.64948454 63519.67010309 65050.39175258 64089.73195876
 63773.03092784 60774.92783505 57322.88659794 53343.01030928
 50587.71134021 47895.75257732 44760.41237113 45816.08247423]


reference1_cts_s
[67700.12371134 65578.22680412 66232.74226804 66845.03092784
 66116.6185567  66697.2371134  67932.37113402 66929.48453608
 65789.36082474 66201.07216495 65609.89690722 66718.35051546
 64976.49484536 65367.09278351 65662.68041237 66908.37113402
 66443.87628866 67499.54639175 67203.95876289 67826.80412371
 66538.88659794 66464.98969072 66011.05154639 65694.35051546
 65704.90721649 64860.37113402 66623.34020619 66380.53608247
 65852.70103093 66401.64948454 67594.55670103 66507.21649485
 67921.81443299 66106.06185567 66401.64948454 66697.2371134
 64522.55670103 67488.98969072 67298.96907216 66623.34020619
 67742.35051546 65409.31958763 66106.06185567 66106.06185567
 65968.82474227 66296.08247423 66940.04123711 66179.95876289
 66274.96907216 65451.54639175 66908.37113402 65757.69072165
 66422.7628866  66106.06185567 66802.80412371 67584.
 66464.98969072 66802.80412371 65947.71134021 66053.27835052
 66507.21649485 65029.27835052 66538.88659794 65536.
 66000.49484536 67499.54639175 67087.83505155 65145.40206186
 65578.22680412 66866.1443299  66412.20618557 66760.57731959
 66929.48453608 67119.50515464 66781.69072165 65324.86597938
 66042.72164948 65831.58762887 66475.54639175 66327.75257732
 66876.70103093 66845.03092784 65155.95876289 65388.20618557
 67499.54639175 67098.39175258 66391.09278351 67024.49484536
 65863.25773196 66317.19587629 66897.81443299 65208.74226804
 65937.15463918 66433.31958763 66063.83505155 66253.8556701
 67077.27835052 65324.86597938 66158.84536082 65799.91752577]


signal2_cts_s
[64775.91752577 66760.57731959 65050.39175258 65060.94845361
 65187.62886598 64585.89690722 65747.13402062 64321.97938144
 65314.30927835 65177.07216495 64596.45360825 64902.59793814
 63941.93814433 64374.7628866  65050.39175258 66401.64948454
 64512.         64955.3814433  64332.53608247 66560.
 65092.6185567  66380.53608247 64828.70103093 65440.98969072
 65388.20618557 63614.68041237 64522.55670103 66169.40206186
 64723.13402062 66781.69072165 65462.10309278 63973.60824742
 63878.59793814 66792.24742268 66433.31958763 66528.32989691
 64564.78350515 65979.3814433  65514.88659794 64638.68041237
 65546.55670103 64374.7628866  64892.04123711 66285.5257732
 64723.13402062 64617.56701031 66190.51546392 65388.20618557
 67182.84536082 65789.36082474 65050.39175258 65968.82474227
 65894.92783505 65810.4742268  64585.89690722 66042.72164948
 64892.04123711 65926.59793814 62706.80412371 65409.31958763
 65884.37113402 64554.22680412 63952.49484536 64364.20618557
 66127.17525773 64702.02061856 66813.36082474 64723.13402062
 65546.55670103 65557.11340206 64596.45360825 66792.24742268
 65947.71134021 64807.58762887 65261.5257732  65240.41237113
 64870.92783505 64501.44329897 64797.03092784 62949.60824742
 65250.96907216 65831.58762887 64448.65979381 65704.90721649
 64237.5257732  66106.06185567 63931.3814433  64321.97938144
 65462.10309278 65894.92783505 65345.97938144 63762.4742268
 65799.91752577 64374.7628866  63984.16494845 65916.04123711
 66148.28865979 64596.45360825 65113.73195876 65377.64948454]


reference2_cts_s
[67763.46391753 67098.39175258 67298.96907216 66222.18556701
 64628.12371134 67045.60824742 65852.70103093 66781.69072165
 66222.18556701 66655.01030928 68470.7628866  67225.07216495
 66359.42268041 65704.90721649 67826.80412371 66443.87628866
 66074.39175258 65884.37113402 67087.83505155 66327.75257732
 66422.7628866  65462.10309278 66961.15463918 66106.06185567
 66243.29896907 65419.87628866 66876.70103093 67721.2371134
 65704.90721649 65483.21649485 66633.89690722 67446.7628866
 66887.25773196 65778.80412371 66190.51546392 67710.68041237
 66834.4742268  65894.92783505 67393.97938144 66338.30927835
 66823.91752577 65229.8556701  65821.03092784 65831.58762887
 66317.19587629 67108.94845361 66127.17525773 69463.09278351
 67826.80412371 65873.81443299 66845.03092784 67436.20618557
 66317.19587629 66538.88659794 66391.09278351 67721.2371134
 65113.73195876 66443.87628866 64934.26804124 66644.45360825
 67942.92783505 64364.20618557 66232.74226804 65641.56701031
 65493.77319588 66655.01030928 65894.92783505 67035.05154639
 67140.6185567  66422.7628866  66845.03092784 67172.28865979
 67066.72164948 66813.36082474 66612.78350515 66338.30927835
 66802.80412371 66633.89690722 67404.53608247 65778.80412371
 64490.88659794 66697.2371134  66591.67010309 65852.70103093
 66538.88659794 65641.56701031 67172.28865979 68428.53608247
 64628.12371134 66253.8556701  66602.22680412 64332.53608247
 67277.8556701  66327.75257732 66940.04123711 66665.56701031
 67214.51546392 66454.43298969 67288.41237113 64744.24742268]


contrast
[1.00407432 0.93706515 0.9125284  0.8834983  0.80631579 0.77835894
 0.69283879 0.71262104 0.69355099 0.68918043 0.74342213 0.78057905
 0.83391118 0.88127255 0.91593638 0.93116057 1.00605466 1.01641476
 1.00262553 0.9590801  0.94112877 0.86211832 0.83618303 0.78980481
 0.71101066 0.72485894 0.69649869 0.69272495 0.72239439 0.75055327
 0.78374456 0.88217822 0.93372996 0.92539908 0.98506277 0.99206601
 1.0264879  0.94288    0.9086368  0.91017475 0.83990981 0.80862578
 0.75044737 0.70473005 0.6902626  0.7100147  0.70701754 0.74669035
 0.76492772 0.84242619 0.89061993 0.92270763 0.98606216 1.00866218
 1.00163452 0.96691176 0.96128193 0.92554043 0.89814815 0.7935765
 0.74042621 0.73147997 0.69858039 0.72445465 0.7006705  0.74791973
 0.77263391 0.85858751 0.88629409 0.92190016 0.97859127 0.96127707
 0.99439731 0.97866102 0.96247169 0.92588997 0.8729048  0.82569558
 0.78185077 0.75733691 0.70765248 0.67960231 0.7030303  0.71176093
 0.76269515 0.82561482 0.89481506 0.91383555 0.95178197 0.96395386
 0.99547658 1.00513245 0.96919621 0.94408003 0.89589177 0.80925689
 0.76476221 0.74146102 0.68741894 0.70079122]


sweep_pts
[  25.   50.   75.  100.  125.  150.  175.  200.  225.  250.  275.  300.
  325.  350.  375.  400.  425.  450.  475.  500.  525.  550.  575.  600.
  625.  650.  675.  700.  725.  750.  775.  800.  825.  850.  875.  900.
  925.  950.  975. 1000. 1025. 1050. 1075. 1100. 1125. 1150. 1175. 1200.
 1225. 1250. 1275. 1300. 1325. 1350. 1375. 1400. 1425. 1450. 1475. 1500.
 1525. 1550. 1575. 1600. 1625. 1650. 1675. 1700. 1725. 1750. 1775. 1800.
 1825. 1850. 1875. 1900. 1925. 1950. 1975. 2000. 2025. 2050. 2075. 2100.
 2125. 2150. 2175. 2200. 2225. 2250. 2275. 2300. 2325. 2350. 2375. 2400.
 2425. 2450. 2475. 2500.]


mw_duration_ftsamp
[  25   50   75  100  125  150  175  200  225  250  275  300  325  350
  375  400  425  450  475  500  525  550  575  600  625  650  675  700
  725  750  775  800  825  850  875  900  925  950  975 1000 1025 1050
 1075 1100 1125 1150 1175 1200 1225 1250 1275 1300 1325 1350 1375 1400
 1425 1450 1475 1500 1525 1550 1575 1600 1625 1650 1675 1700 1725 1750
 1775 1800 1825 1850 1875 1900 1925 1950 1975 2000 2025 2050 2075 2100
 2125 2150 2175 2200 2225 2250 2275 2300 2325 2350 2375 2400 2425 2450
 2475 2500]


sweep_param
mw_duration_ftsamp


mw_duration_ftus
[0.00508626 0.01017253 0.01525879 0.02034505 0.02543132 0.03051758
 0.03560384 0.0406901  0.04577637 0.05086263 0.05594889 0.06103516
 0.06612142 0.07120768 0.07629395 0.08138021 0.08646647 0.09155273
 0.096639   0.10172526 0.10681152 0.11189779 0.11698405 0.12207031
 0.12715658 0.13224284 0.1373291  0.14241536 0.14750163 0.15258789
 0.15767415 0.16276042 0.16784668 0.17293294 0.17801921 0.18310547
 0.18819173 0.19327799 0.19836426 0.20345052 0.20853678 0.21362305
 0.21870931 0.22379557 0.22888184 0.2339681  0.23905436 0.24414062
 0.24922689 0.25431315 0.25939941 0.26448568 0.26957194 0.2746582
 0.27974447 0.28483073 0.28991699 0.29500326 0.30008952 0.30517578
 0.31026204 0.31534831 0.32043457 0.32552083 0.3306071  0.33569336
 0.34077962 0.34586589 0.35095215 0.35603841 0.36112467 0.36621094
 0.3712972  0.37638346 0.38146973 0.38655599 0.39164225 0.39672852
 0.40181478 0.40690104 0.4119873  0.41707357 0.42215983 0.42724609
 0.43233236 0.43741862 0.44250488 0.44759115 0.45267741 0.45776367
 0.46284993 0.4679362  0.47302246 0.47810872 0.48319499 0.48828125
 0.49336751 0.49845378 0.50354004 0.5086263 ]


mw_duration_ftns
[  5.08626302  10.17252604  15.25878906  20.34505208  25.4313151
  30.51757812  35.60384115  40.69010417  45.77636719  50.86263021
  55.94889323  61.03515625  66.12141927  71.20768229  76.29394531
  81.38020833  86.46647135  91.55273438  96.6389974  101.72526042
 106.81152344 111.89778646 116.98404948 122.0703125  127.15657552
 132.24283854 137.32910156 142.41536458 147.5016276  152.58789062
 157.67415365 162.76041667 167.84667969 172.93294271 178.01920573
 183.10546875 188.19173177 193.27799479 198.36425781 203.45052083
 208.53678385 213.62304688 218.7093099  223.79557292 228.88183594
 233.96809896 239.05436198 244.140625   249.22688802 254.31315104
 259.39941406 264.48567708 269.5719401  274.65820312 279.74446615
 284.83072917 289.91699219 295.00325521 300.08951823 305.17578125
 310.26204427 315.34830729 320.43457031 325.52083333 330.60709635
 335.69335938 340.7796224  345.86588542 350.95214844 356.03841146
 361.12467448 366.2109375  371.29720052 376.38346354 381.46972656
 386.55598958 391.6422526  396.72851562 401.81477865 406.90104167
 411.98730469 417.07356771 422.15983073 427.24609375 432.33235677
 437.41861979 442.50488281 447.59114583 452.67740885 457.76367188
 462.8499349  467.93619792 473.02246094 478.10872396 483.19498698
 488.28125    493.36751302 498.45377604 503.54003906 508.62630208]

