Gain: 2000
Pulse width: 20000
Delta: 100
Reps: 100000

signal1
[7021 6952 6572 6230 5808 5471 5366 5623 6088 6397 6696 6933 6962 6653
 6170 5723 5645 5661 5537 6042 6511 6704 6905 6785 6631 6147 6110 5460
 5580 5638 5956 6327 6681 6767 6616 6799 6425 6042 5806 5526 5655 5837
 6093 6237 6804 6837 6714 6505 6199 5941 5689 5528 5689 5998 6531 6720
 6819 6714 6527 6122 5852 5693 5596 5613 6063 6245 6586 6799 6852 6531
 6167 5950 5845 5646 5767 5880 6204 6565 6752 6680 6546 6362 6007 5798
 5652 5824 5853 6157 6479 6532 6730 6552 6371 6121 5836 5743 5776 5809
 6055 6343 6463 6462 6388 6256 6335 5867 5962 5774 5883 6093 6273 6483
 6410 6428 6229 6243 6238 5879 5847 5883 6115 6133 6251 6424 6463 6375
 6131 6155 6068 5959 5837 5958 6101 6321 6444 6355 6258 6292 6266 6100
 6119 5990 6096 6190 6260 6268 6442 6470 6195 6132 6132 6074 6106 5997
 6002 6065 6238 6467 6233 6393 6054 6155 6028 6009 5931 5971 6101 6081
 6340 6156 6290 6100 6151 6000 6054 6079 6058 6108 6133 6296 6239 6341
 6364 6216 6136 6217 6047 6142 6086 6281 6198 6119 6190 6228 6274 6181
 6232 6099 6033 6159]


reference1
[7098 6883 7136 6870 6937 6904 6811 7049 7061 7042 7002 7016 6849 7217
 6984 6992 7004 7153 6894 7165 6821 7120 6960 7075 6933 7010 6863 6998
 6951 6826 7019 7109 6952 6840 6874 7136 7050 6976 7035 6870 7024 7060
 6883 6984 6758 6825 6915 7047 6969 6851 6887 7115 6970 6880 7193 6948
 7000 7103 6936 7025 6947 6950 6943 6976 7167 7110 7015 7006 6893 6885
 6895 6834 6854 7027 7079 6959 6874 6983 6888 7054 7009 6931 7002 6933
 7056 6875 6965 7043 7018 6920 6948 7005 6880 7040 6956 6952 6839 6884
 7006 6931 7051 7082 6922 6894 7037 7175 7038 7098 6893 6925 6929 7132
 6870 6930 6983 7069 6818 6986 6825 6921 6943 7080 7020 6831 7045 7037
 6963 7031 7114 6869 7025 6916 6945 6998 7034 6925 6887 6935 6874 6929
 6934 7069 6972 6901 7054 7001 6972 6936 6927 6947 6956 6862 7002 7000
 6903 6990 7055 6970 6987 6968 6913 6979 7022 6996 6973 6906 6987 7015
 6953 7065 6909 6991 6915 6732 6884 7064 6914 7013 7066 6953 6945 7004
 6970 7038 6950 6982 6922 6982 6911 6789 7026 6978 6888 7004 6861 6996
 7017 7002 6945 7039]


signal2
[6970 7048 7029 7184 6986 7173 7009 6929 6932 6932 6989 6995 7072 7184
 6943 7097 6928 6874 6906 7083 6952 6999 6953 6958 6982 7038 6915 6900
 7113 6954 6933 6841 6975 6986 6915 7076 6897 6937 7116 6754 6995 6858
 6831 7002 7001 7016 7026 6902 6994 6897 6865 6868 7047 6873 7079 6908
 7035 6960 6984 6979 6836 7019 6937 7052 7050 7044 7043 7056 6913 6944
 6818 6915 7002 6831 7018 6842 7009 6910 6850 6959 6878 6904 6911 6994
 6950 6968 7099 6840 6968 6914 6942 6977 6814 6802 6945 6855 6806 6970
 6897 6961 7069 6878 6935 6964 6810 7046 6903 7083 6969 6848 6939 6938
 6889 7028 6941 6876 7036 6897 6818 6957 7008 6895 7035 6953 6817 6914
 6958 6927 6844 6995 6960 7052 6923 6968 6937 6973 7006 6824 7038 6888
 6943 7033 6923 6993 6952 7096 6965 6931 7005 7017 6900 6859 6902 6900
 6931 7032 6951 6935 6925 7020 7042 6872 6830 6978 6996 7085 6983 6938
 7064 6889 6867 6966 6935 6951 6999 6833 6922 6984 6875 7027 6821 6906
 6880 6917 6914 7051 6882 6768 6988 6923 6869 6982 6776 6951 7004 6782
 6933 6759 6869 6954]


reference2
[7015 7002 6886 7183 7155 6893 6870 7017 7038 7104 7117 6953 7028 7048
 7198 7026 7016 6925 7002 6875 6915 7049 7049 6923 7069 7024 7210 7050
 6982 6912 7015 6826 6978 7074 6964 6903 7029 6899 7066 6937 6933 7135
 6855 7005 7041 6931 7092 7046 6979 6918 6967 6897 6954 6926 7065 6911
 6906 7006 6990 6932 7060 6981 7000 7045 6872 7020 6974 7044 7057 6946
 7028 6960 6852 7019 7025 7031 6901 7003 6976 7033 6872 6911 6912 7088
 7086 6989 7014 6883 6999 7052 7050 7175 6906 7009 6890 6924 7012 6978
 6957 7033 6943 6981 7067 7040 6916 7060 7046 6996 6923 7032 6973 6707
 7082 6979 7095 6996 7030 6952 6950 6974 6959 6933 6977 7021 7022 7006
 7054 6915 7017 6993 6933 6978 7040 6879 6985 7095 6871 6823 7108 6897
 7038 6850 6873 6925 6949 6818 7165 6961 6968 7075 6940 6891 6973 6993
 6790 7043 6820 6887 6861 7055 7098 6964 7082 6921 6836 6886 6970 6896
 6965 6883 6873 6902 7074 7107 6889 6978 7054 7021 6879 6989 6933 6970
 6964 6897 6932 6887 6915 7021 6887 7101 7037 7098 6963 6778 6805 7055
 7041 6993 7092 6861]


signal1_cts_s
[111177.89690722 110085.27835052 104067.95876289  98652.37113402
  91969.97938144  86633.56701031  84970.88659794  89040.49484536
  96403.79381443 101296.82474227 106031.50515464 109784.41237113
 110243.62886598 105350.59793814  97702.26804124  90624.
  89388.86597938  89642.22680412  87678.68041237  95675.3814433
 103102.02061856 106158.18556701 109341.03092784 107440.82474227
 105002.22680412  97338.06185567  96752.16494845  86459.3814433
  88359.58762887  89278.02061856  94313.56701031 100188.37113402
 105793.97938144 107155.79381443 104764.70103093 107662.51546392
 101740.20618557  95675.3814433   91938.30927835  87504.49484536
  89547.21649485  92429.19587629  96482.96907216  98763.21649485
 107741.69072165 108264.24742268 106316.53608247 103007.01030928
  98161.48453608  94076.04123711  90085.60824742  87536.16494845
  90085.60824742  94978.63917526 103418.72164948 106411.54639175
 107979.21649485 106316.53608247 103355.3814433   96942.18556701
  92666.72164948  90148.94845361  88612.94845361  88882.1443299
  96007.91752577  98889.89690722 104289.64948454 107662.51546392
 108501.77319588 103418.72164948  97654.7628866   94218.55670103
  92555.87628866  89404.70103093  91320.74226804  93110.10309278
  98240.65979381 103957.11340206 106918.26804124 105778.1443299
 103656.24742268 100742.59793814  95121.15463918  91811.62886598
  89499.71134021  92223.34020619  92682.55670103  97496.41237113
 102595.29896907 103434.55670103 106569.89690722 103751.25773196
 100885.11340206  96926.35051546  92413.36082474  90940.70103093
  91463.25773196  91985.81443299  95881.2371134  100441.73195876
 102341.93814433 102326.10309278 101154.30927835  99064.08247423
 100315.05154639  92904.24742268  94408.57731959  91431.58762887
  93157.60824742  96482.96907216  99333.27835052 102658.63917526
 101502.68041237 101787.71134021  98636.53608247  98858.22680412
  98779.05154639  93094.26804124  92587.54639175  93157.60824742
  96831.34020619  97116.37113402  98984.90721649 101724.37113402
 102341.93814433 100948.45360825  97084.70103093  97464.74226804
  96087.09278351  94361.07216495  92429.19587629  94345.2371134
  96609.64948454 100093.36082474 102041.07216495 100631.75257732
  99095.75257732  99634.1443299   99222.43298969  96593.81443299
  96894.68041237  94851.95876289  96530.4742268   98018.96907216
  99127.42268041  99254.10309278 102009.40206186 102452.78350515
  98098.1443299   97100.53608247  97100.53608247  96182.10309278
  96688.82474227  94962.80412371  95041.97938144  96039.58762887
  98779.05154639 102405.27835052  98699.87628866 101233.48453608
  95865.40206186  97464.74226804  95453.69072165  95152.82474227
  93917.69072165  94551.09278351  96609.64948454  96292.94845361
 100394.22680412  97480.57731959  99602.4742268   96593.81443299
  97401.40206186  95010.30927835  95865.40206186  96261.27835052
  95928.74226804  96720.49484536  97116.37113402  99697.48453608
  98794.88659794 100410.06185567 100774.26804124  98430.68041237
  97163.87628866  98446.51546392  95754.55670103  97258.88659794
  96372.12371134  99459.95876289  98145.64948454  96894.68041237
  98018.96907216  98620.70103093  99349.11340206  97876.45360825
  98684.04123711  96577.97938144  95532.86597938  97528.08247423]


reference1_cts_s
[112397.19587629 108992.65979381 112998.92783505 108786.80412371
 109847.75257732 109325.19587629 107852.53608247 111621.27835052
 111811.29896907 111510.43298969 110877.03092784 111098.72164948
 108454.26804124 114281.56701031 110592.         110718.68041237
 110908.70103093 113268.12371134 109166.84536082 113458.1443299
 108010.88659794 112745.56701031 110211.95876289 112032.98969072
 109784.41237113 111003.71134021 108675.95876289 110813.69072165
 110069.44329897 108090.06185567 111146.22680412 112571.3814433
 110085.27835052 108311.75257732 108850.1443299  112998.92783505
 111637.11340206 110465.31958763 111399.58762887 108786.80412371
 111225.40206186 111795.46391753 108992.65979381 110592.
 107013.27835052 108074.22680412 109499.3814433  111589.60824742
 110354.4742268  108485.93814433 109056.         112666.39175258
 110370.30927835 108945.15463918 113901.5257732  110021.93814433
 110845.36082474 112476.37113402 109831.91752577 111241.2371134
 110006.10309278 110053.60824742 109942.7628866  110465.31958763
 113489.81443299 112587.21649485 111082.88659794 110940.37113402
 109151.01030928 109024.32989691 109182.68041237 108216.74226804
 108533.44329897 111272.90721649 112096.32989691 110196.12371134
 108850.1443299  110576.16494845 109071.83505155 111700.45360825
 110987.87628866 109752.74226804 110877.03092784 109784.41237113
 111732.12371134 108865.97938144 110291.13402062 111526.26804124
 111130.39175258 109578.55670103 110021.93814433 110924.53608247
 108945.15463918 111478.7628866  110148.6185567  110085.27835052
 108295.91752577 109008.49484536 110940.37113402 109752.74226804
 111652.94845361 112143.83505155 109610.22680412 109166.84536082
 111431.25773196 113616.49484536 111447.09278351 112397.19587629
 109151.01030928 109657.73195876 109721.07216495 112935.58762887
 108786.80412371 109736.90721649 110576.16494845 111937.97938144
 107963.3814433  110623.67010309 108074.22680412 109594.39175258
 109942.7628866  112112.16494845 111162.06185567 108169.2371134
 111557.93814433 111431.25773196 110259.46391753 111336.24742268
 112650.55670103 108770.96907216 111241.2371134  109515.21649485
 109974.43298969 110813.69072165 111383.75257732 109657.73195876
 109056.         109816.08247423 108850.1443299  109721.07216495
 109800.24742268 111937.97938144 110401.97938144 109277.69072165
 111700.45360825 110861.19587629 110401.97938144 109831.91752577
 109689.40206186 110006.10309278 110148.6185567  108660.12371134
 110877.03092784 110845.36082474 109309.36082474 110687.01030928
 111716.28865979 110370.30927835 110639.50515464 110338.63917526
 109467.71134021 110512.82474227 111193.73195876 110782.02061856
 110417.81443299 109356.86597938 110639.50515464 111082.88659794
 110101.11340206 111874.63917526 109404.37113402 110702.84536082
 109499.3814433  106601.56701031 109008.49484536 111858.80412371
 109483.54639175 111051.21649485 111890.4742268  110101.11340206
 109974.43298969 110908.70103093 110370.30927835 111447.09278351
 110053.60824742 110560.32989691 109610.22680412 110560.32989691
 109436.04123711 107504.16494845 111257.07216495 110496.98969072
 109071.83505155 110908.70103093 108644.28865979 110782.02061856
 111114.55670103 110877.03092784 109974.43298969 111462.92783505]


signal2_cts_s
[110370.30927835 111605.44329897 111304.57731959 113759.01030928
 110623.67010309 113584.82474227 110987.87628866 109721.07216495
 109768.57731959 109768.57731959 110671.17525773 110766.18556701
 111985.48453608 113759.01030928 109942.7628866  112381.36082474
 109705.2371134  108850.1443299  109356.86597938 112159.67010309
 110085.27835052 110829.5257732  110101.11340206 110180.28865979
 110560.32989691 111447.09278351 109499.3814433  109261.8556701
 112634.72164948 110116.94845361 109784.41237113 108327.58762887
 110449.48453608 110623.67010309 109499.3814433  112048.82474227
 109214.35051546 109847.75257732 112682.22680412 106949.93814433
 110766.18556701 108596.78350515 108169.2371134  110877.03092784
 110861.19587629 111098.72164948 111257.07216495 109293.5257732
 110750.35051546 109214.35051546 108707.62886598 108755.13402062
 111589.60824742 108834.30927835 112096.32989691 109388.53608247
 111399.58762887 110211.95876289 110592.         110512.82474227
 108248.41237113 111146.22680412 109847.75257732 111668.78350515
 111637.11340206 111542.10309278 111526.26804124 111732.12371134
 109467.71134021 109958.59793814 107963.3814433  109499.3814433
 110877.03092784 108169.2371134  111130.39175258 108343.42268041
 110987.87628866 109420.20618557 108470.10309278 110196.12371134
 108913.48453608 109325.19587629 109436.04123711 110750.35051546
 110053.60824742 110338.63917526 112413.03092784 108311.75257732
 110338.63917526 109483.54639175 109926.92783505 110481.15463918
 107900.04123711 107710.02061856 109974.43298969 108549.27835052
 107773.36082474 110370.30927835 109214.35051546 110227.79381443
 111937.97938144 108913.48453608 109816.08247423 110275.29896907
 107836.70103093 111573.77319588 109309.36082474 112159.67010309
 110354.4742268  108438.43298969 109879.42268041 109863.58762887
 109087.67010309 111288.74226804 109911.09278351 108881.81443299
 111415.42268041 109214.35051546 107963.3814433  110164.45360825
 110972.04123711 109182.68041237 111399.58762887 110101.11340206
 107947.54639175 109483.54639175 110180.28865979 109689.40206186
 108375.09278351 110766.18556701 110211.95876289 111668.78350515
 109626.06185567 110338.63917526 109847.75257732 110417.81443299
 110940.37113402 108058.39175258 111447.09278351 109071.83505155
 109942.7628866  111367.91752577 109626.06185567 110734.51546392
 110085.27835052 112365.5257732  110291.13402062 109752.74226804
 110924.53608247 111114.55670103 109261.8556701  108612.6185567
 109293.5257732  109261.8556701  109752.74226804 111352.08247423
 110069.44329897 109816.08247423 109657.73195876 111162.06185567
 111510.43298969 108818.4742268  108153.40206186 110496.98969072
 110782.02061856 112191.34020619 110576.16494845 109863.58762887
 111858.80412371 109087.67010309 108739.29896907 110306.96907216
 109816.08247423 110069.44329897 110829.5257732  108200.90721649
 109610.22680412 110592.         108865.97938144 111272.90721649
 108010.88659794 109356.86597938 108945.15463918 109531.05154639
 109483.54639175 111652.94845361 108976.82474227 107171.62886598
 110655.34020619 109626.06185567 108770.96907216 110560.32989691
 107298.30927835 110069.44329897 110908.70103093 107393.31958763
 109784.41237113 107029.11340206 108770.96907216 110116.94845361]


reference2_cts_s
[111082.88659794 110877.03092784 109040.16494845 113743.17525773
 113299.79381443 109151.01030928 108786.80412371 111114.55670103
 111447.09278351 112492.20618557 112698.06185567 110101.11340206
 111288.74226804 111605.44329897 113980.70103093 111257.07216495
 111098.72164948 109657.73195876 110877.03092784 108865.97938144
 109499.3814433  111621.27835052 111621.27835052 109626.06185567
 111937.97938144 111225.40206186 114170.72164948 111637.11340206
 110560.32989691 109451.87628866 111082.88659794 108090.06185567
 110496.98969072 112017.15463918 110275.29896907 109309.36082474
 111304.57731959 109246.02061856 111890.4742268  109847.75257732
 109784.41237113 112983.09278351 108549.27835052 110924.53608247
 111494.59793814 109752.74226804 112302.18556701 111573.77319588
 110512.82474227 109546.88659794 110322.80412371 109214.35051546
 110116.94845361 109673.56701031 111874.63917526 109436.04123711
 109356.86597938 110940.37113402 110687.01030928 109768.57731959
 111795.46391753 110544.49484536 110845.36082474 111557.93814433
 108818.4742268  111162.06185567 110433.64948454 111542.10309278
 111747.95876289 109990.26804124 111288.74226804 110211.95876289
 108501.77319588 111146.22680412 111241.2371134  111336.24742268
 109277.69072165 110892.86597938 110465.31958763 111367.91752577
 108818.4742268  109436.04123711 109451.87628866 112238.84536082
 112207.17525773 110671.17525773 111067.05154639 108992.65979381
 110829.5257732  111668.78350515 111637.11340206 113616.49484536
 109356.86597938 110987.87628866 109103.50515464 109641.89690722
 111035.3814433  110496.98969072 110164.45360825 111367.91752577
 109942.7628866  110544.49484536 111906.30927835 111478.7628866
 109515.21649485 111795.46391753 111573.77319588 110782.02061856
 109626.06185567 111352.08247423 110417.81443299 106205.69072165
 112143.83505155 110512.82474227 112349.69072165 110782.02061856
 111320.41237113 110085.27835052 110053.60824742 110433.64948454
 110196.12371134 109784.41237113 110481.15463918 111177.89690722
 111193.73195876 110940.37113402 111700.45360825 109499.3814433
 111114.55670103 110734.51546392 109784.41237113 110496.98969072
 111478.7628866  108929.31958763 110607.83505155 112349.69072165
 108802.63917526 108042.55670103 112555.54639175 109214.35051546
 111447.09278351 108470.10309278 108834.30927835 109657.73195876
 110037.77319588 107963.3814433  113458.1443299  110227.79381443
 110338.63917526 112032.98969072 109895.25773196 109119.34020619
 110417.81443299 110734.51546392 107520.         111526.26804124
 107995.05154639 109056.         108644.28865979 111716.28865979
 112397.19587629 110275.29896907 112143.83505155 109594.39175258
 108248.41237113 109040.16494845 110370.30927835 109198.51546392
 110291.13402062 108992.65979381 108834.30927835 109293.5257732
 112017.15463918 112539.71134021 109087.67010309 110496.98969072
 111700.45360825 111177.89690722 108929.31958763 110671.17525773
 109784.41237113 110370.30927835 110275.29896907 109214.35051546
 109768.57731959 109056.         109499.3814433  111177.89690722
 109056.         112444.70103093 111431.25773196 112397.19587629
 110259.46391753 107329.97938144 107757.5257732  111716.28865979
 111494.59793814 110734.51546392 112302.18556701 108644.28865979]


contrast
[1.00731707 0.98637911 0.93498364 0.8672049  0.83137704 0.76272132
 0.7655871  0.81151681 0.87824582 0.9228217  0.95807698 0.99113653
 0.9844457  0.92608575 0.88866484 0.80639707 0.81480947 0.82353797
 0.80176658 0.85302838 0.93656502 0.95785112 0.99309651 0.97513653
 0.94972787 0.87340153 0.88358641 0.79130435 0.78447912 0.8107564
 0.85907976 0.92486479 0.95784946 0.96865159 0.95676067 0.96085359
 0.93156445 0.87098169 0.81590781 0.81818182 0.8084346  0.85112278
 0.89196311 0.8907455  0.97186116 0.97448689 0.95559351 0.94248044
 0.88633114 0.86138901 0.82869629 0.80489225 0.80729388 0.87269024
 0.92258794 0.97278518 0.96929638 0.96465517 0.93456472 0.87720304
 0.85605617 0.8110842  0.80668877 0.79594441 0.86       0.88657013
 0.93511288 0.9635771  0.99117605 0.94052419 0.90451745 0.8604483
 0.8347615  0.82652613 0.82174409 0.85939784 0.88514767 0.95007236
 0.98569343 0.95990803 0.95173015 0.92149479 0.86919404 0.82899628
 0.81323741 0.8358209  0.82448232 0.9001462  0.92982204 0.94474978
 0.96946125 0.93908557 0.93498679 0.89988239 0.84031677 0.83778264
 0.84866294 0.83342898 0.87791794 0.91121965 0.91427359 0.9395173
 0.92112473 0.89833429 0.93024963 0.83267102 0.86368246 0.8151913
 0.84416703 0.88974883 0.90402075 0.93441914 0.93046886 0.91462721
 0.89742112 0.90794066 0.88658329 0.85239959 0.85758287 0.84562311
 0.8725742  0.88948513 0.88855721 0.92391773 0.948071   0.92204223
 0.88114401 0.88855204 0.88661601 0.85189421 0.83864943 0.8448667
 0.88126535 0.90714696 0.92893181 0.91137244 0.89323437 0.92203986
 0.89030975 0.88559814 0.88131931 0.85169913 0.88054312 0.88517089
 0.9004603  0.88331454 0.92491027 0.93348723 0.88436831 0.87387773
 0.88869565 0.88555183 0.88467111 0.86913043 0.86596451 0.86248578
 0.89742483 0.93251622 0.9000722  0.91068376 0.85969895 0.89566356
 0.88257687 0.861135   0.84777015 0.84276641 0.87369326 0.87647737
 0.89750849 0.89359849 0.91597495 0.87568188 0.88695025 0.86318515
 0.86498071 0.88965315 0.87518058 0.87457045 0.89207273 0.89597268
 0.91467527 0.91818708 0.925      0.89865549 0.88747469 0.88171891
 0.87866899 0.90750591 0.87092158 0.90726564 0.90231475 0.87639645
 0.9135183  0.89598619 0.89577384 0.91138307 0.89888937 0.90235242
 0.87829378 0.88567731]


sweep_pts
[2.5000e+01 5.1700e+02 1.0090e+03 1.5010e+03 1.9930e+03 2.4850e+03
 2.9770e+03 3.4690e+03 3.9610e+03 4.4530e+03 4.9450e+03 5.4370e+03
 5.9290e+03 6.4210e+03 6.9130e+03 7.4050e+03 7.8970e+03 8.3890e+03
 8.8810e+03 9.3730e+03 9.8650e+03 1.0357e+04 1.0849e+04 1.1341e+04
 1.1833e+04 1.2325e+04 1.2817e+04 1.3309e+04 1.3801e+04 1.4293e+04
 1.4785e+04 1.5277e+04 1.5769e+04 1.6261e+04 1.6753e+04 1.7245e+04
 1.7737e+04 1.8229e+04 1.8721e+04 1.9213e+04 1.9705e+04 2.0197e+04
 2.0689e+04 2.1181e+04 2.1673e+04 2.2165e+04 2.2657e+04 2.3149e+04
 2.3641e+04 2.4133e+04 2.4625e+04 2.5117e+04 2.5609e+04 2.6101e+04
 2.6593e+04 2.7085e+04 2.7577e+04 2.8069e+04 2.8561e+04 2.9053e+04
 2.9545e+04 3.0037e+04 3.0529e+04 3.1021e+04 3.1513e+04 3.2005e+04
 3.2497e+04 3.2989e+04 3.3481e+04 3.3973e+04 3.4465e+04 3.4957e+04
 3.5449e+04 3.5941e+04 3.6433e+04 3.6925e+04 3.7417e+04 3.7909e+04
 3.8401e+04 3.8893e+04 3.9385e+04 3.9877e+04 4.0369e+04 4.0861e+04
 4.1353e+04 4.1845e+04 4.2337e+04 4.2829e+04 4.3321e+04 4.3813e+04
 4.4305e+04 4.4797e+04 4.5289e+04 4.5781e+04 4.6273e+04 4.6765e+04
 4.7257e+04 4.7749e+04 4.8241e+04 4.8733e+04 4.9225e+04 4.9717e+04
 5.0209e+04 5.0701e+04 5.1193e+04 5.1685e+04 5.2177e+04 5.2669e+04
 5.3161e+04 5.3653e+04 5.4145e+04 5.4637e+04 5.5129e+04 5.5621e+04
 5.6113e+04 5.6605e+04 5.7097e+04 5.7589e+04 5.8081e+04 5.8573e+04
 5.9065e+04 5.9557e+04 6.0049e+04 6.0541e+04 6.1033e+04 6.1525e+04
 6.2017e+04 6.2509e+04 6.3001e+04 6.3493e+04 6.3985e+04 6.4477e+04
 6.4969e+04 6.5461e+04 6.5953e+04 6.6445e+04 6.6937e+04 6.7429e+04
 6.7921e+04 6.8413e+04 6.8905e+04 6.9397e+04 6.9889e+04 7.0381e+04
 7.0873e+04 7.1365e+04 7.1857e+04 7.2349e+04 7.2841e+04 7.3333e+04
 7.3825e+04 7.4317e+04 7.4809e+04 7.5301e+04 7.5793e+04 7.6285e+04
 7.6777e+04 7.7269e+04 7.7761e+04 7.8253e+04 7.8745e+04 7.9237e+04
 7.9729e+04 8.0221e+04 8.0713e+04 8.1205e+04 8.1697e+04 8.2189e+04
 8.2681e+04 8.3173e+04 8.3665e+04 8.4157e+04 8.4649e+04 8.5141e+04
 8.5633e+04 8.6125e+04 8.6617e+04 8.7109e+04 8.7601e+04 8.8093e+04
 8.8585e+04 8.9077e+04 8.9569e+04 9.0061e+04 9.0553e+04 9.1045e+04
 9.1537e+04 9.2029e+04 9.2521e+04 9.3013e+04 9.3505e+04 9.3997e+04
 9.4489e+04 9.4981e+04 9.5473e+04 9.5965e+04 9.6457e+04 9.6949e+04
 9.7441e+04 9.7933e+04]


mw_duration_ftsamp
[   25   517  1009  1501  1993  2485  2977  3469  3961  4453  4945  5437
  5929  6421  6913  7405  7897  8389  8881  9373  9865 10357 10849 11341
 11833 12325 12817 13309 13801 14293 14785 15277 15769 16261 16753 17245
 17737 18229 18721 19213 19705 20197 20689 21181 21673 22165 22657 23149
 23641 24133 24625 25117 25609 26101 26593 27085 27577 28069 28561 29053
 29545 30037 30529 31021 31513 32005 32497 32989 33481 33973 34465 34957
 35449 35941 36433 36925 37417 37909 38401 38893 39385 39877 40369 40861
 41353 41845 42337 42829 43321 43813 44305 44797 45289 45781 46273 46765
 47257 47749 48241 48733 49225 49717 50209 50701 51193 51685 52177 52669
 53161 53653 54145 54637 55129 55621 56113 56605 57097 57589 58081 58573
 59065 59557 60049 60541 61033 61525 62017 62509 63001 63493 63985 64477
 64969 65461 65953 66445 66937 67429 67921 68413 68905 69397 69889 70381
 70873 71365 71857 72349 72841 73333 73825 74317 74809 75301 75793 76285
 76777 77269 77761 78253 78745 79237 79729 80221 80713 81205 81697 82189
 82681 83173 83665 84157 84649 85141 85633 86125 86617 87109 87601 88093
 88585 89077 89569 90061 90553 91045 91537 92029 92521 93013 93505 93997
 94489 94981 95473 95965 96457 96949 97441 97933]


sweep_param
mw_duration_ftsamp


mw_duration_ftus
[5.08626302e-03 1.05183919e-01 2.05281576e-01 3.05379232e-01
 4.05476888e-01 5.05574544e-01 6.05672201e-01 7.05769857e-01
 8.05867513e-01 9.05965169e-01 1.00606283e+00 1.10616048e+00
 1.20625814e+00 1.30635579e+00 1.40645345e+00 1.50655111e+00
 1.60664876e+00 1.70674642e+00 1.80684408e+00 1.90694173e+00
 2.00703939e+00 2.10713704e+00 2.20723470e+00 2.30733236e+00
 2.40743001e+00 2.50752767e+00 2.60762533e+00 2.70772298e+00
 2.80782064e+00 2.90791829e+00 3.00801595e+00 3.10811361e+00
 3.20821126e+00 3.30830892e+00 3.40840658e+00 3.50850423e+00
 3.60860189e+00 3.70869954e+00 3.80879720e+00 3.90889486e+00
 4.00899251e+00 4.10909017e+00 4.20918783e+00 4.30928548e+00
 4.40938314e+00 4.50948079e+00 4.60957845e+00 4.70967611e+00
 4.80977376e+00 4.90987142e+00 5.00996908e+00 5.11006673e+00
 5.21016439e+00 5.31026204e+00 5.41035970e+00 5.51045736e+00
 5.61055501e+00 5.71065267e+00 5.81075033e+00 5.91084798e+00
 6.01094564e+00 6.11104329e+00 6.21114095e+00 6.31123861e+00
 6.41133626e+00 6.51143392e+00 6.61153158e+00 6.71162923e+00
 6.81172689e+00 6.91182454e+00 7.01192220e+00 7.11201986e+00
 7.21211751e+00 7.31221517e+00 7.41231283e+00 7.51241048e+00
 7.61250814e+00 7.71260579e+00 7.81270345e+00 7.91280111e+00
 8.01289876e+00 8.11299642e+00 8.21309408e+00 8.31319173e+00
 8.41328939e+00 8.51338704e+00 8.61348470e+00 8.71358236e+00
 8.81368001e+00 8.91377767e+00 9.01387533e+00 9.11397298e+00
 9.21407064e+00 9.31416829e+00 9.41426595e+00 9.51436361e+00
 9.61446126e+00 9.71455892e+00 9.81465658e+00 9.91475423e+00
 1.00148519e+01 1.01149495e+01 1.02150472e+01 1.03151449e+01
 1.04152425e+01 1.05153402e+01 1.06154378e+01 1.07155355e+01
 1.08156331e+01 1.09157308e+01 1.10158285e+01 1.11159261e+01
 1.12160238e+01 1.13161214e+01 1.14162191e+01 1.15163167e+01
 1.16164144e+01 1.17165120e+01 1.18166097e+01 1.19167074e+01
 1.20168050e+01 1.21169027e+01 1.22170003e+01 1.23170980e+01
 1.24171956e+01 1.25172933e+01 1.26173910e+01 1.27174886e+01
 1.28175863e+01 1.29176839e+01 1.30177816e+01 1.31178792e+01
 1.32179769e+01 1.33180745e+01 1.34181722e+01 1.35182699e+01
 1.36183675e+01 1.37184652e+01 1.38185628e+01 1.39186605e+01
 1.40187581e+01 1.41188558e+01 1.42189535e+01 1.43190511e+01
 1.44191488e+01 1.45192464e+01 1.46193441e+01 1.47194417e+01
 1.48195394e+01 1.49196370e+01 1.50197347e+01 1.51198324e+01
 1.52199300e+01 1.53200277e+01 1.54201253e+01 1.55202230e+01
 1.56203206e+01 1.57204183e+01 1.58205160e+01 1.59206136e+01
 1.60207113e+01 1.61208089e+01 1.62209066e+01 1.63210042e+01
 1.64211019e+01 1.65211995e+01 1.66212972e+01 1.67213949e+01
 1.68214925e+01 1.69215902e+01 1.70216878e+01 1.71217855e+01
 1.72218831e+01 1.73219808e+01 1.74220785e+01 1.75221761e+01
 1.76222738e+01 1.77223714e+01 1.78224691e+01 1.79225667e+01
 1.80226644e+01 1.81227620e+01 1.82228597e+01 1.83229574e+01
 1.84230550e+01 1.85231527e+01 1.86232503e+01 1.87233480e+01
 1.88234456e+01 1.89235433e+01 1.90236410e+01 1.91237386e+01
 1.92238363e+01 1.93239339e+01 1.94240316e+01 1.95241292e+01
 1.96242269e+01 1.97243245e+01 1.98244222e+01 1.99245199e+01]


mw_duration_ftns
[5.08626302e+00 1.05183919e+02 2.05281576e+02 3.05379232e+02
 4.05476888e+02 5.05574544e+02 6.05672201e+02 7.05769857e+02
 8.05867513e+02 9.05965169e+02 1.00606283e+03 1.10616048e+03
 1.20625814e+03 1.30635579e+03 1.40645345e+03 1.50655111e+03
 1.60664876e+03 1.70674642e+03 1.80684408e+03 1.90694173e+03
 2.00703939e+03 2.10713704e+03 2.20723470e+03 2.30733236e+03
 2.40743001e+03 2.50752767e+03 2.60762533e+03 2.70772298e+03
 2.80782064e+03 2.90791829e+03 3.00801595e+03 3.10811361e+03
 3.20821126e+03 3.30830892e+03 3.40840658e+03 3.50850423e+03
 3.60860189e+03 3.70869954e+03 3.80879720e+03 3.90889486e+03
 4.00899251e+03 4.10909017e+03 4.20918783e+03 4.30928548e+03
 4.40938314e+03 4.50948079e+03 4.60957845e+03 4.70967611e+03
 4.80977376e+03 4.90987142e+03 5.00996908e+03 5.11006673e+03
 5.21016439e+03 5.31026204e+03 5.41035970e+03 5.51045736e+03
 5.61055501e+03 5.71065267e+03 5.81075033e+03 5.91084798e+03
 6.01094564e+03 6.11104329e+03 6.21114095e+03 6.31123861e+03
 6.41133626e+03 6.51143392e+03 6.61153158e+03 6.71162923e+03
 6.81172689e+03 6.91182454e+03 7.01192220e+03 7.11201986e+03
 7.21211751e+03 7.31221517e+03 7.41231283e+03 7.51241048e+03
 7.61250814e+03 7.71260579e+03 7.81270345e+03 7.91280111e+03
 8.01289876e+03 8.11299642e+03 8.21309408e+03 8.31319173e+03
 8.41328939e+03 8.51338704e+03 8.61348470e+03 8.71358236e+03
 8.81368001e+03 8.91377767e+03 9.01387533e+03 9.11397298e+03
 9.21407064e+03 9.31416829e+03 9.41426595e+03 9.51436361e+03
 9.61446126e+03 9.71455892e+03 9.81465658e+03 9.91475423e+03
 1.00148519e+04 1.01149495e+04 1.02150472e+04 1.03151449e+04
 1.04152425e+04 1.05153402e+04 1.06154378e+04 1.07155355e+04
 1.08156331e+04 1.09157308e+04 1.10158285e+04 1.11159261e+04
 1.12160238e+04 1.13161214e+04 1.14162191e+04 1.15163167e+04
 1.16164144e+04 1.17165120e+04 1.18166097e+04 1.19167074e+04
 1.20168050e+04 1.21169027e+04 1.22170003e+04 1.23170980e+04
 1.24171956e+04 1.25172933e+04 1.26173910e+04 1.27174886e+04
 1.28175863e+04 1.29176839e+04 1.30177816e+04 1.31178792e+04
 1.32179769e+04 1.33180745e+04 1.34181722e+04 1.35182699e+04
 1.36183675e+04 1.37184652e+04 1.38185628e+04 1.39186605e+04
 1.40187581e+04 1.41188558e+04 1.42189535e+04 1.43190511e+04
 1.44191488e+04 1.45192464e+04 1.46193441e+04 1.47194417e+04
 1.48195394e+04 1.49196370e+04 1.50197347e+04 1.51198324e+04
 1.52199300e+04 1.53200277e+04 1.54201253e+04 1.55202230e+04
 1.56203206e+04 1.57204183e+04 1.58205160e+04 1.59206136e+04
 1.60207113e+04 1.61208089e+04 1.62209066e+04 1.63210042e+04
 1.64211019e+04 1.65211995e+04 1.66212972e+04 1.67213949e+04
 1.68214925e+04 1.69215902e+04 1.70216878e+04 1.71217855e+04
 1.72218831e+04 1.73219808e+04 1.74220785e+04 1.75221761e+04
 1.76222738e+04 1.77223714e+04 1.78224691e+04 1.79225667e+04
 1.80226644e+04 1.81227620e+04 1.82228597e+04 1.83229574e+04
 1.84230550e+04 1.85231527e+04 1.86232503e+04 1.87233480e+04
 1.88234456e+04 1.89235433e+04 1.90236410e+04 1.91237386e+04
 1.92238363e+04 1.93239339e+04 1.94240316e+04 1.95241292e+04
 1.96242269e+04 1.97243245e+04 1.98244222e+04 1.99245199e+04]

