Gain: 24000
Pulse width: 500
Delta: 15

signal1
[520 527 512 432 459 436 425 410 427 431 419 415 436 429 464 446 494 495
 499 510 492 473 526 483 468 486 456 440 413 384 410 441 400 464 449 484
 452 465 490 503 494 515 482 494 487 453 447 470 430 434 433 411 398 411
 406 432 417 463 474 470 466 483 492 519 510 489 455 494 423 429 443 381
 406 435 467 410 447 443 432 469 472 446 467 492 511 462 471 451 475 498
 395 437 436 464 419 384 405 438 441 487]


reference1
[508 453 503 464 518 508 503 508 474 454 509 482 520 491 488 507 490 528
 502 530 511 514 503 469 493 482 504 524 467 441 522 455 496 476 483 492
 545 511 502 487 495 543 507 521 543 513 480 506 487 517 486 514 482 492
 521 491 479 514 467 529 511 485 487 529 484 546 497 515 474 496 473 510
 498 480 497 492 512 497 497 518 528 495 508 544 530 506 488 561 497 457
 459 504 480 458 486 504 491 472 487 505]


signal2
[506 494 504 464 532 531 480 479 485 514 536 512 483 489 505 469 518 501
 475 499 496 516 510 496 491 504 468 446 494 467 479 494 491 482 466 491
 525 519 492 467 508 525 537 505 532 498 478 470 468 495 478 456 471 481
 485 495 481 475 481 486 451 519 513 458 466 489 503 489 491 480 470 473
 470 510 497 496 498 516 476 430 525 501 501 498 469 494 514 450 453 527
 482 507 490 517 478 496 512 454 466 461]


reference2
[493 469 492 544 498 530 533 471 541 508 492 473 475 500 519 536 478 485
 549 488 532 525 528 519 543 488 494 528 521 498 470 524 535 485 472 541
 508 501 501 541 471 475 516 510 487 488 531 519 512 492 510 514 521 493
 535 476 516 515 555 471 504 513 511 496 501 535 461 503 507 481 539 546
 511 535 504 487 487 513 528 488 533 501 480 510 515 552 541 483 504 541
 514 511 494 511 554 527 532 542 508 493]


signal1_cts_s
[8234.22680412 8345.07216495 8107.54639175 6840.74226804 7268.28865979
 6904.08247423 6729.89690722 6492.37113402 6761.56701031 6824.90721649
 6634.88659794 6571.54639175 6904.08247423 6793.2371134  7347.46391753
 7062.43298969 7822.51546392 7838.35051546 7901.69072165 8075.87628866
 7790.84536082 7489.97938144 8329.2371134  7648.32989691 7410.80412371
 7695.83505155 7220.78350515 6967.42268041 6539.87628866 6080.65979381
 6492.37113402 6983.25773196 6334.02061856 7347.46391753 7109.93814433
 7664.16494845 7157.44329897 7363.29896907 7759.17525773 7965.03092784
 7822.51546392 8155.05154639 7632.49484536 7822.51546392 7711.67010309
 7173.27835052 7078.26804124 7442.4742268  6809.07216495 6872.41237113
 6856.57731959 6508.20618557 6302.35051546 6508.20618557 6429.03092784
 6840.74226804 6603.21649485 7331.62886598 7505.81443299 7442.4742268
 7379.13402062 7648.32989691 7790.84536082 8218.39175258 8075.87628866
 7743.34020619 7204.94845361 7822.51546392 6698.22680412 6793.2371134
 7014.92783505 6033.15463918 6429.03092784 6888.24742268 7394.96907216
 6492.37113402 7078.26804124 7014.92783505 6840.74226804 7426.63917526
 7474.1443299  7062.43298969 7394.96907216 7790.84536082 8091.71134021
 7315.79381443 7458.30927835 7141.60824742 7521.64948454 7885.8556701
 6254.84536082 6919.91752577 6904.08247423 7347.46391753 6634.88659794
 6080.65979381 6413.19587629 6935.75257732 6983.25773196 7711.67010309]


reference1_cts_s
[8044.20618557 7173.27835052 7965.03092784 7347.46391753 8202.55670103
 8044.20618557 7965.03092784 8044.20618557 7505.81443299 7189.11340206
 8060.04123711 7632.49484536 8234.22680412 7775.01030928 7727.50515464
 8028.37113402 7759.17525773 8360.90721649 7949.19587629 8392.57731959
 8091.71134021 8139.21649485 7965.03092784 7426.63917526 7806.68041237
 7632.49484536 7980.86597938 8297.56701031 7394.96907216 6983.25773196
 8265.89690722 7204.94845361 7854.18556701 7537.48453608 7648.32989691
 7790.84536082 8630.10309278 8091.71134021 7949.19587629 7711.67010309
 7838.35051546 8598.43298969 8028.37113402 8250.06185567 8598.43298969
 8123.3814433  7600.82474227 8012.53608247 7711.67010309 8186.72164948
 7695.83505155 8139.21649485 7632.49484536 7790.84536082 8250.06185567
 7775.01030928 7584.98969072 8139.21649485 7394.96907216 8376.74226804
 8091.71134021 7680.         7711.67010309 8376.74226804 7664.16494845
 8645.93814433 7870.02061856 8155.05154639 7505.81443299 7854.18556701
 7489.97938144 8075.87628866 7885.8556701  7600.82474227 7870.02061856
 7790.84536082 8107.54639175 7870.02061856 7870.02061856 8202.55670103
 8360.90721649 7838.35051546 8044.20618557 8614.26804124 8392.57731959
 8012.53608247 7727.50515464 8883.46391753 7870.02061856 7236.6185567
 7268.28865979 7980.86597938 7600.82474227 7252.45360825 7695.83505155
 7980.86597938 7775.01030928 7474.1443299  7711.67010309 7996.70103093]


signal2_cts_s
[8012.53608247 7822.51546392 7980.86597938 7347.46391753 8424.24742268
 8408.41237113 7600.82474227 7584.98969072 7680.         8139.21649485
 8487.58762887 8107.54639175 7648.32989691 7743.34020619 7996.70103093
 7426.63917526 8202.55670103 7933.36082474 7521.64948454 7901.69072165
 7854.18556701 8170.88659794 8075.87628866 7854.18556701 7775.01030928
 7980.86597938 7410.80412371 7062.43298969 7822.51546392 7394.96907216
 7584.98969072 7822.51546392 7775.01030928 7632.49484536 7379.13402062
 7775.01030928 8313.40206186 8218.39175258 7790.84536082 7394.96907216
 8044.20618557 8313.40206186 8503.42268041 7996.70103093 8424.24742268
 7885.8556701  7569.15463918 7442.4742268  7410.80412371 7838.35051546
 7569.15463918 7220.78350515 7458.30927835 7616.65979381 7680.
 7838.35051546 7616.65979381 7521.64948454 7616.65979381 7695.83505155
 7141.60824742 8218.39175258 8123.3814433  7252.45360825 7379.13402062
 7743.34020619 7965.03092784 7743.34020619 7775.01030928 7600.82474227
 7442.4742268  7489.97938144 7442.4742268  8075.87628866 7870.02061856
 7854.18556701 7885.8556701  8170.88659794 7537.48453608 6809.07216495
 8313.40206186 7933.36082474 7933.36082474 7885.8556701  7426.63917526
 7822.51546392 8139.21649485 7125.77319588 7173.27835052 8345.07216495
 7632.49484536 8028.37113402 7759.17525773 8186.72164948 7569.15463918
 7854.18556701 8107.54639175 7189.11340206 7379.13402062 7299.95876289]


reference2_cts_s
[7806.68041237 7426.63917526 7790.84536082 8614.26804124 7885.8556701
 8392.57731959 8440.08247423 7458.30927835 8566.7628866  8044.20618557
 7790.84536082 7489.97938144 7521.64948454 7917.5257732  8218.39175258
 8487.58762887 7569.15463918 7680.         8693.44329897 7727.50515464
 8424.24742268 8313.40206186 8360.90721649 8218.39175258 8598.43298969
 7727.50515464 7822.51546392 8360.90721649 8250.06185567 7885.8556701
 7442.4742268  8297.56701031 8471.75257732 7680.         7474.1443299
 8566.7628866  8044.20618557 7933.36082474 7933.36082474 8566.7628866
 7458.30927835 7521.64948454 8170.88659794 8075.87628866 7711.67010309
 7727.50515464 8408.41237113 8218.39175258 8107.54639175 7790.84536082
 8075.87628866 8139.21649485 8250.06185567 7806.68041237 8471.75257732
 7537.48453608 8170.88659794 8155.05154639 8788.45360825 7458.30927835
 7980.86597938 8123.3814433  8091.71134021 7854.18556701 7933.36082474
 8471.75257732 7299.95876289 7965.03092784 8028.37113402 7616.65979381
 8535.09278351 8645.93814433 8091.71134021 8471.75257732 7980.86597938
 7711.67010309 7711.67010309 8123.3814433  8360.90721649 7727.50515464
 8440.08247423 7933.36082474 7600.82474227 8075.87628866 8155.05154639
 8740.94845361 8566.7628866  7648.32989691 7980.86597938 8566.7628866
 8139.21649485 8091.71134021 7822.51546392 8091.71134021 8772.6185567
 8345.07216495 8424.24742268 8582.59793814 8044.20618557 7806.68041237]


contrast
[1.02766798 1.06680162 1.01587302 0.93103448 0.86278195 0.82109228
 0.88541667 0.8559499  0.88041237 0.8385214  0.78171642 0.81054688
 0.90269151 0.87730061 0.91881188 0.95095949 0.95366795 0.98802395
 1.05052632 1.02204409 0.99193548 0.91666667 1.03137255 0.97379032
 0.95315682 0.96428571 0.97435897 0.98654709 0.83603239 0.82226981
 0.8559499  0.89271255 0.81466395 0.9626556  0.96351931 0.98574338
 0.86095238 0.89595376 0.99593496 1.07708779 0.97244094 0.98095238
 0.89757914 0.97821782 0.91541353 0.90963855 0.93514644 1.
 0.91880342 0.87676768 0.90585774 0.90131579 0.84501062 0.85446985
 0.8371134  0.87272727 0.86694387 0.97473684 0.98544699 0.96707819
 1.03325942 0.93063584 0.95906433 1.13318777 1.0944206  1.
 0.90457256 1.01022495 0.86150713 0.89375    0.94255319 0.80549683
 0.86382979 0.85294118 0.93963783 0.8266129  0.89759036 0.85852713
 0.90756303 1.09069767 0.89904762 0.89021956 0.93213573 0.98795181
 1.08955224 0.93522267 0.91634241 1.00222222 1.04856512 0.94497154
 0.81950207 0.86193294 0.88979592 0.89748549 0.87656904 0.77419355
 0.79101562 0.96475771 0.94635193 1.05639913]


sweep_pts
[  25.   50.   75.  100.  125.  150.  175.  200.  225.  250.  275.  300.
  325.  350.  375.  400.  425.  450.  475.  500.  525.  550.  575.  600.
  625.  650.  675.  700.  725.  750.  775.  800.  825.  850.  875.  900.
  925.  950.  975. 1000. 1025. 1050. 1075. 1100. 1125. 1150. 1175. 1200.
 1225. 1250. 1275. 1300. 1325. 1350. 1375. 1400. 1425. 1450. 1475. 1500.
 1525. 1550. 1575. 1600. 1625. 1650. 1675. 1700. 1725. 1750. 1775. 1800.
 1825. 1850. 1875. 1900. 1925. 1950. 1975. 2000. 2025. 2050. 2075. 2100.
 2125. 2150. 2175. 2200. 2225. 2250. 2275. 2300. 2325. 2350. 2375. 2400.
 2425. 2450. 2475. 2500.]


mw_duration_ftsamp
[  25   50   75  100  125  150  175  200  225  250  275  300  325  350
  375  400  425  450  475  500  525  550  575  600  625  650  675  700
  725  750  775  800  825  850  875  900  925  950  975 1000 1025 1050
 1075 1100 1125 1150 1175 1200 1225 1250 1275 1300 1325 1350 1375 1400
 1425 1450 1475 1500 1525 1550 1575 1600 1625 1650 1675 1700 1725 1750
 1775 1800 1825 1850 1875 1900 1925 1950 1975 2000 2025 2050 2075 2100
 2125 2150 2175 2200 2225 2250 2275 2300 2325 2350 2375 2400 2425 2450
 2475 2500]


sweep_param
mw_duration_ftsamp


mw_duration_ftus
[0.00508626 0.01017253 0.01525879 0.02034505 0.02543132 0.03051758
 0.03560384 0.0406901  0.04577637 0.05086263 0.05594889 0.06103516
 0.06612142 0.07120768 0.07629395 0.08138021 0.08646647 0.09155273
 0.096639   0.10172526 0.10681152 0.11189779 0.11698405 0.12207031
 0.12715658 0.13224284 0.1373291  0.14241536 0.14750163 0.15258789
 0.15767415 0.16276042 0.16784668 0.17293294 0.17801921 0.18310547
 0.18819173 0.19327799 0.19836426 0.20345052 0.20853678 0.21362305
 0.21870931 0.22379557 0.22888184 0.2339681  0.23905436 0.24414062
 0.24922689 0.25431315 0.25939941 0.26448568 0.26957194 0.2746582
 0.27974447 0.28483073 0.28991699 0.29500326 0.30008952 0.30517578
 0.31026204 0.31534831 0.32043457 0.32552083 0.3306071  0.33569336
 0.34077962 0.34586589 0.35095215 0.35603841 0.36112467 0.36621094
 0.3712972  0.37638346 0.38146973 0.38655599 0.39164225 0.39672852
 0.40181478 0.40690104 0.4119873  0.41707357 0.42215983 0.42724609
 0.43233236 0.43741862 0.44250488 0.44759115 0.45267741 0.45776367
 0.46284993 0.4679362  0.47302246 0.47810872 0.48319499 0.48828125
 0.49336751 0.49845378 0.50354004 0.5086263 ]


mw_duration_ftns
[  5.08626302  10.17252604  15.25878906  20.34505208  25.4313151
  30.51757812  35.60384115  40.69010417  45.77636719  50.86263021
  55.94889323  61.03515625  66.12141927  71.20768229  76.29394531
  81.38020833  86.46647135  91.55273438  96.6389974  101.72526042
 106.81152344 111.89778646 116.98404948 122.0703125  127.15657552
 132.24283854 137.32910156 142.41536458 147.5016276  152.58789062
 157.67415365 162.76041667 167.84667969 172.93294271 178.01920573
 183.10546875 188.19173177 193.27799479 198.36425781 203.45052083
 208.53678385 213.62304688 218.7093099  223.79557292 228.88183594
 233.96809896 239.05436198 244.140625   249.22688802 254.31315104
 259.39941406 264.48567708 269.5719401  274.65820312 279.74446615
 284.83072917 289.91699219 295.00325521 300.08951823 305.17578125
 310.26204427 315.34830729 320.43457031 325.52083333 330.60709635
 335.69335938 340.7796224  345.86588542 350.95214844 356.03841146
 361.12467448 366.2109375  371.29720052 376.38346354 381.46972656
 386.55598958 391.6422526  396.72851562 401.81477865 406.90104167
 411.98730469 417.07356771 422.15983073 427.24609375 432.33235677
 437.41861979 442.50488281 447.59114583 452.67740885 457.76367188
 462.8499349  467.93619792 473.02246094 478.10872396 483.19498698
 488.28125    493.36751302 498.45377604 503.54003906 508.62630208]

