Gain: 32767
Pulse width: 5000
Delta: 50

signal1
[256 304 299 286 287 289 316 305 319 290 265 279 298 280 314 280 288 293
 277 335 279 319 283 325 306 298 328 299 337 327 314 280 287 288 322 301
 293 319 332 305 285 299 278 341 290 286 302 256 328 279 336 289 314 304
 331 301 296 304 305 327 300 323 316 271 282 288 288 297 311 293 321 305
 317 305 283 292 333 284 289 271 286 307 297 308 315 294 283 284 311 301
 301 283 295 295 321 267 320 317 291 304]


reference1
[340 349 304 317 292 341 286 336 285 325 321 299 310 321 347 310 300 323
 323 313 328 335 308 315 310 314 311 336 328 306 311 348 321 318 300 320
 295 317 308 311 302 330 310 317 296 276 333 305 344 348 322 294 319 296
 324 303 308 287 289 288 316 314 282 309 328 316 312 292 313 298 329 291
 367 313 321 320 325 315 325 315 310 352 326 306 315 335 327 340 327 301
 330 297 280 329 312 278 319 298 296 319]


signal2
[298 293 312 261 276 335 256 291 297 290 298 324 281 261 308 277 282 317
 308 287 286 302 299 298 279 317 288 293 336 308 301 318 311 293 301 259
 280 311 283 266 267 303 303 300 325 297 317 302 295 321 325 299 265 298
 258 328 299 268 300 307 353 266 302 302 272 287 301 307 305 298 287 292
 332 311 328 318 283 310 321 301 317 301 303 300 321 298 337 289 314 332
 322 279 321 306 336 327 310 290 304 292]


reference2
[324 321 317 342 316 352 289 352 317 323 325 334 290 306 321 343 311 315
 302 335 301 325 352 336 314 320 339 316 336 338 317 326 349 326 328 294
 309 327 318 331 318 335 321 311 318 313 309 319 308 311 356 334 321 342
 312 303 313 299 318 334 310 319 294 308 313 300 379 325 323 312 338 294
 318 307 320 313 354 320 312 321 289 323 313 306 342 332 316 322 288 346
 321 322 301 304 309 341 334 315 337 331]


signal1_cts_s
[4053.77319588 4813.8556701  4734.68041237 4528.82474227 4544.65979381
 4576.32989691 5003.87628866 4829.69072165 5051.3814433  4592.16494845
 4196.28865979 4417.97938144 4718.84536082 4433.81443299 4972.20618557
 4433.81443299 4560.49484536 4639.67010309 4386.30927835 5304.74226804
 4417.97938144 5051.3814433  4481.31958763 5146.39175258 4845.5257732
 4718.84536082 5193.89690722 4734.68041237 5336.41237113 5178.06185567
 4972.20618557 4433.81443299 4544.65979381 4560.49484536 5098.88659794
 4766.35051546 4639.67010309 5051.3814433  5257.2371134  4829.69072165
 4512.98969072 4734.68041237 4402.1443299  5399.75257732 4592.16494845
 4528.82474227 4782.18556701 4053.77319588 5193.89690722 4417.97938144
 5320.57731959 4576.32989691 4972.20618557 4813.8556701  5241.40206186
 4766.35051546 4687.17525773 4813.8556701  4829.69072165 5178.06185567
 4750.51546392 5114.72164948 5003.87628866 4291.29896907 4465.48453608
 4560.49484536 4560.49484536 4703.01030928 4924.70103093 4639.67010309
 5083.05154639 4829.69072165 5019.71134021 4829.69072165 4481.31958763
 4623.83505155 5273.07216495 4497.15463918 4576.32989691 4291.29896907
 4528.82474227 4861.36082474 4703.01030928 4877.19587629 4988.04123711
 4655.50515464 4481.31958763 4497.15463918 4924.70103093 4766.35051546
 4766.35051546 4481.31958763 4671.34020619 4671.34020619 5083.05154639
 4227.95876289 5067.21649485 5019.71134021 4608.         4813.8556701 ]


reference1_cts_s
[5383.91752577 5526.43298969 4813.8556701  5019.71134021 4623.83505155
 5399.75257732 4528.82474227 5320.57731959 4512.98969072 5146.39175258
 5083.05154639 4734.68041237 4908.86597938 5083.05154639 5494.7628866
 4908.86597938 4750.51546392 5114.72164948 5114.72164948 4956.37113402
 5193.89690722 5304.74226804 4877.19587629 4988.04123711 4908.86597938
 4972.20618557 4924.70103093 5320.57731959 5193.89690722 4845.5257732
 4924.70103093 5510.59793814 5083.05154639 5035.54639175 4750.51546392
 5067.21649485 4671.34020619 5019.71134021 4877.19587629 4924.70103093
 4782.18556701 5225.56701031 4908.86597938 5019.71134021 4687.17525773
 4370.4742268  5273.07216495 4829.69072165 5447.25773196 5510.59793814
 5098.88659794 4655.50515464 5051.3814433  4687.17525773 5130.55670103
 4798.02061856 4877.19587629 4544.65979381 4576.32989691 4560.49484536
 5003.87628866 4972.20618557 4465.48453608 4893.03092784 5193.89690722
 5003.87628866 4940.53608247 4623.83505155 4956.37113402 4718.84536082
 5209.73195876 4608.         5811.46391753 4956.37113402 5083.05154639
 5067.21649485 5146.39175258 4988.04123711 5146.39175258 4988.04123711
 4908.86597938 5573.93814433 5162.22680412 4845.5257732  4988.04123711
 5304.74226804 5178.06185567 5383.91752577 5178.06185567 4766.35051546
 5225.56701031 4703.01030928 4433.81443299 5209.73195876 4940.53608247
 4402.1443299  5051.3814433  4718.84536082 4687.17525773 5051.3814433 ]


signal2_cts_s
[4718.84536082 4639.67010309 4940.53608247 4132.94845361 4370.4742268
 5304.74226804 4053.77319588 4608.         4703.01030928 4592.16494845
 4718.84536082 5130.55670103 4449.64948454 4132.94845361 4877.19587629
 4386.30927835 4465.48453608 5019.71134021 4877.19587629 4544.65979381
 4528.82474227 4782.18556701 4734.68041237 4718.84536082 4417.97938144
 5019.71134021 4560.49484536 4639.67010309 5320.57731959 4877.19587629
 4766.35051546 5035.54639175 4924.70103093 4639.67010309 4766.35051546
 4101.27835052 4433.81443299 4924.70103093 4481.31958763 4212.12371134
 4227.95876289 4798.02061856 4798.02061856 4750.51546392 5146.39175258
 4703.01030928 5019.71134021 4782.18556701 4671.34020619 5083.05154639
 5146.39175258 4734.68041237 4196.28865979 4718.84536082 4085.44329897
 5193.89690722 4734.68041237 4243.79381443 4750.51546392 4861.36082474
 5589.77319588 4212.12371134 4782.18556701 4782.18556701 4307.13402062
 4544.65979381 4766.35051546 4861.36082474 4829.69072165 4718.84536082
 4544.65979381 4623.83505155 5257.2371134  4924.70103093 5193.89690722
 5035.54639175 4481.31958763 4908.86597938 5083.05154639 4766.35051546
 5019.71134021 4766.35051546 4798.02061856 4750.51546392 5083.05154639
 4718.84536082 5336.41237113 4576.32989691 4972.20618557 5257.2371134
 5098.88659794 4417.97938144 5083.05154639 4845.5257732  5320.57731959
 5178.06185567 4908.86597938 4592.16494845 4813.8556701  4623.83505155]


reference2_cts_s
[5130.55670103 5083.05154639 5019.71134021 5415.58762887 5003.87628866
 5573.93814433 4576.32989691 5573.93814433 5019.71134021 5114.72164948
 5146.39175258 5288.90721649 4592.16494845 4845.5257732  5083.05154639
 5431.42268041 4924.70103093 4988.04123711 4782.18556701 5304.74226804
 4766.35051546 5146.39175258 5573.93814433 5320.57731959 4972.20618557
 5067.21649485 5368.08247423 5003.87628866 5320.57731959 5352.24742268
 5019.71134021 5162.22680412 5526.43298969 5162.22680412 5193.89690722
 4655.50515464 4893.03092784 5178.06185567 5035.54639175 5241.40206186
 5035.54639175 5304.74226804 5083.05154639 4924.70103093 5035.54639175
 4956.37113402 4893.03092784 5051.3814433  4877.19587629 4924.70103093
 5637.27835052 5288.90721649 5083.05154639 5415.58762887 4940.53608247
 4798.02061856 4956.37113402 4734.68041237 5035.54639175 5288.90721649
 4908.86597938 5051.3814433  4655.50515464 4877.19587629 4956.37113402
 4750.51546392 6001.48453608 5146.39175258 5114.72164948 4940.53608247
 5352.24742268 4655.50515464 5035.54639175 4861.36082474 5067.21649485
 4956.37113402 5605.60824742 5067.21649485 4940.53608247 5083.05154639
 4576.32989691 5114.72164948 4956.37113402 4845.5257732  5415.58762887
 5257.2371134  5003.87628866 5098.88659794 4560.49484536 5478.92783505
 5083.05154639 5098.88659794 4766.35051546 4813.8556701  4893.03092784
 5399.75257732 5288.90721649 4988.04123711 5336.41237113 5241.40206186]


contrast
[0.8590604  1.03754266 0.95833333 1.09578544 1.03985507 0.86268657
 1.234375   1.04810997 1.07407407 1.         0.88926174 0.86111111
 1.06049822 1.07279693 1.01948052 1.01083032 1.0212766  0.92429022
 0.89935065 1.16724739 0.97552448 1.05629139 0.94648829 1.09060403
 1.09677419 0.94006309 1.13888889 1.02047782 1.00297619 1.06168831
 1.04318937 0.88050314 0.92282958 0.98293515 1.06976744 1.16216216
 1.04642857 1.02572347 1.17314488 1.14661654 1.06741573 0.98679868
 0.91749175 1.13666667 0.89230769 0.96296296 0.95268139 0.84768212
 1.11186441 0.86915888 1.03384615 0.96655518 1.18490566 1.02013423
 1.28294574 0.91768293 0.98996656 1.13432836 1.01666667 1.06514658
 0.84985836 1.21428571 1.04635762 0.89735099 1.03676471 1.00348432
 0.95681063 0.96742671 1.01967213 0.98322148 1.1184669  1.04452055
 0.95481928 0.9807074  0.86280488 0.91823899 1.17667845 0.91612903
 0.90031153 0.90033223 0.9022082  1.01993355 0.98019802 1.02666667
 0.98130841 0.98657718 0.83976261 0.98269896 0.99044586 0.90662651
 0.93478261 1.01433692 0.91900312 0.96405229 0.95535714 0.81651376
 1.03225806 1.09310345 0.95723684 1.04109589]


sweep_pts
[   25.   271.   517.   763.  1009.  1255.  1501.  1747.  1993.  2239.
  2485.  2731.  2977.  3223.  3469.  3715.  3961.  4207.  4453.  4699.
  4945.  5191.  5437.  5683.  5929.  6175.  6421.  6667.  6913.  7159.
  7405.  7651.  7897.  8143.  8389.  8635.  8881.  9127.  9373.  9619.
  9865. 10111. 10357. 10603. 10849. 11095. 11341. 11587. 11833. 12079.
 12325. 12571. 12817. 13063. 13309. 13555. 13801. 14047. 14293. 14539.
 14785. 15031. 15277. 15523. 15769. 16015. 16261. 16507. 16753. 16999.
 17245. 17491. 17737. 17983. 18229. 18475. 18721. 18967. 19213. 19459.
 19705. 19951. 20197. 20443. 20689. 20935. 21181. 21427. 21673. 21919.
 22165. 22411. 22657. 22903. 23149. 23395. 23641. 23887. 24133. 24379.]


mw_duration_ftsamp
[   25   271   517   763  1009  1255  1501  1747  1993  2239  2485  2731
  2977  3223  3469  3715  3961  4207  4453  4699  4945  5191  5437  5683
  5929  6175  6421  6667  6913  7159  7405  7651  7897  8143  8389  8635
  8881  9127  9373  9619  9865 10111 10357 10603 10849 11095 11341 11587
 11833 12079 12325 12571 12817 13063 13309 13555 13801 14047 14293 14539
 14785 15031 15277 15523 15769 16015 16261 16507 16753 16999 17245 17491
 17737 17983 18229 18475 18721 18967 19213 19459 19705 19951 20197 20443
 20689 20935 21181 21427 21673 21919 22165 22411 22657 22903 23149 23395
 23641 23887 24133 24379]


sweep_param
mw_duration_ftsamp


mw_duration_ftus
[0.00508626 0.05513509 0.10518392 0.15523275 0.20528158 0.2553304
 0.30537923 0.35542806 0.40547689 0.45552572 0.50557454 0.55562337
 0.6056722  0.65572103 0.70576986 0.75581868 0.80586751 0.85591634
 0.90596517 0.956014   1.00606283 1.05611165 1.10616048 1.15620931
 1.20625814 1.25630697 1.30635579 1.35640462 1.40645345 1.45650228
 1.50655111 1.55659993 1.60664876 1.65669759 1.70674642 1.75679525
 1.80684408 1.8568929  1.90694173 1.95699056 2.00703939 2.05708822
 2.10713704 2.15718587 2.2072347  2.25728353 2.30733236 2.35738118
 2.40743001 2.45747884 2.50752767 2.5575765  2.60762533 2.65767415
 2.70772298 2.75777181 2.80782064 2.85786947 2.90791829 2.95796712
 3.00801595 3.05806478 3.10811361 3.15816243 3.20821126 3.25826009
 3.30830892 3.35835775 3.40840658 3.4584554  3.50850423 3.55855306
 3.60860189 3.65865072 3.70869954 3.75874837 3.8087972  3.85884603
 3.90889486 3.95894368 4.00899251 4.05904134 4.10909017 4.159139
 4.20918783 4.25923665 4.30928548 4.35933431 4.40938314 4.45943197
 4.50948079 4.55952962 4.60957845 4.65962728 4.70967611 4.75972493
 4.80977376 4.85982259 4.90987142 4.95992025]


mw_duration_ftns
[   5.08626302   55.13509115  105.18391927  155.2327474   205.28157552
  255.33040365  305.37923177  355.4280599   405.47688802  455.52571615
  505.57454427  555.6233724   605.67220052  655.72102865  705.76985677
  755.8186849   805.86751302  855.91634115  905.96516927  956.0139974
 1006.06282552 1056.11165365 1106.16048177 1156.2093099  1206.25813802
 1256.30696615 1306.35579427 1356.4046224  1406.45345052 1456.50227865
 1506.55110677 1556.5999349  1606.64876302 1656.69759115 1706.74641927
 1756.7952474  1806.84407552 1856.89290365 1906.94173177 1956.9905599
 2007.03938802 2057.08821615 2107.13704427 2157.1858724  2207.23470052
 2257.28352865 2307.33235677 2357.3811849  2407.43001302 2457.47884115
 2507.52766927 2557.5764974  2607.62532552 2657.67415365 2707.72298177
 2757.7718099  2807.82063802 2857.86946615 2907.91829427 2957.9671224
 3008.01595052 3058.06477865 3108.11360677 3158.1624349  3208.21126302
 3258.26009115 3308.30891927 3358.3577474  3408.40657552 3458.45540365
 3508.50423177 3558.5530599  3608.60188802 3658.65071615 3708.69954427
 3758.7483724  3808.79720052 3858.84602865 3908.89485677 3958.9436849
 4008.99251302 4059.04134115 4109.09016927 4159.1389974  4209.18782552
 4259.23665365 4309.28548177 4359.3343099  4409.38313802 4459.43196615
 4509.48079427 4559.5296224  4609.57845052 4659.62727865 4709.67610677
 4759.7249349  4809.77376302 4859.82259115 4909.87141927 4959.9202474 ]

