signal1
[3191 3200 3092 3138 3105 3217 3061 3081 2962 2997 2965 2862 2889 2834
 2840 2821 2728 2792 2719 2758 2664 2713 2756 2808 2831 2817 2928 2896
 2962 3053 3114 3132 3069 3169 3249 3207 3264 3180 3319 3384 3384]

reference1
[3225 3374 3322 3350 3297 3307 3262 3314 3464 3301 3366 3453 3275 3374
 3200 3364 3275 3248 3306 3276 3337 3275 3245 3343 3301 3258 3386 3421
 3332 3387 3328 3368 3264 3304 3404 3381 3311 3347 3375 3378 3297]

signal2
[3306 3297 3267 3268 3189 3192 3196 3308 3311 3228 3234 3183 3226 3332
 3314 3312 3188 3333 3277 3326 3221 3210 3238 3280 3252 3341 3298 3345
 3253 3292 3335 3395 3279 3323 3276 3297 3258 3191 3293 3223 3176]

reference2
[3317 3276 3275 3356 3259 3299 3393 3395 3291 3352 3359 3339 3226 3318
 3311 3310 3290 3264 3344 3340 3182 3379 3396 3333 3245 3446 3314 3257
 3401 3373 3368 3252 3240 3347 3314 3413 3333 3326 3357 3392 3277]

signal1_cts_s
[67372.86597938 67562.88659794 65282.63917526 66253.8556701
 65557.11340206 67921.81443299 64628.12371134 65050.39175258
 62537.89690722 63276.86597938 62601.2371134  60426.55670103
 60996.6185567  59835.3814433  59962.06185567 59560.90721649
 57597.36082474 58948.6185567  57407.34020619 58230.7628866
 56246.10309278 57280.65979381 58188.53608247 59286.43298969
 59772.04123711 59476.45360825 61820.04123711 61144.41237113
 62537.89690722 64459.21649485 65747.13402062 66127.17525773
 64797.03092784 66908.37113402 68597.44329897 67710.68041237
 68914.1443299  67140.6185567  70075.3814433  71447.75257732
 71447.75257732]

reference1_cts_s
[68090.72164948 71236.6185567  70138.72164948 70729.89690722
 69610.88659794 69822.02061856 68871.91752577 69969.81443299
 73136.82474227 69695.34020619 71067.71134021 72904.57731959
 69146.39175258 71236.6185567  67562.88659794 71025.48453608
 69146.39175258 68576.32989691 69800.90721649 69167.50515464
 70455.42268041 69146.39175258 68512.98969072 70582.10309278
 69695.34020619 68787.46391753 71489.97938144 72228.94845361
 70349.8556701  71511.09278351 70265.40206186 71109.93814433
 68914.1443299  69758.68041237 71870.02061856 71384.41237113
 69906.4742268  70666.55670103 71257.73195876 71321.07216495
 69610.88659794]

signal2_cts_s
[69800.90721649 69610.88659794 68977.48453608 68998.59793814
 67330.63917526 67393.97938144 67478.43298969 69843.13402062
 69906.4742268  68154.06185567 68280.74226804 67203.95876289
 68111.83505155 70349.8556701  69969.81443299 69927.58762887
 67309.5257732  70370.96907216 69188.6185567  70223.17525773
 68006.26804124 67774.02061856 68365.19587629 69251.95876289
 68660.78350515 70539.87628866 69632.         70624.32989691
 68681.89690722 69505.31958763 70413.19587629 71680.
 69230.84536082 70159.83505155 69167.50515464 69610.88659794
 68787.46391753 67372.86597938 69526.43298969 68048.49484536
 67056.16494845]

reference2_cts_s
[70033.15463918 69167.50515464 69146.39175258 70856.57731959
 68808.57731959 69653.11340206 71637.77319588 71680.
 69484.20618557 70772.12371134 70919.91752577 70497.64948454
 68111.83505155 70054.26804124 69906.4742268  69885.36082474
 69463.09278351 68914.1443299  70603.21649485 70518.7628866
 67182.84536082 71342.18556701 71701.11340206 70370.96907216
 68512.98969072 72756.78350515 69969.81443299 68766.35051546
 71806.68041237 71215.50515464 71109.93814433 68660.78350515
 68407.42268041 70666.55670103 69969.81443299 72060.04123711
 70370.96907216 70223.17525773 70877.69072165 71616.65979381
 69188.6185567 ]

contrast
[0.96521476 0.97057931 0.94643404 0.96022032 0.97365945 1.00783208
 0.9577597  0.93137848 0.89459378 0.92843866 0.91682127 0.89915174
 0.89553627 0.85054022 0.85697043 0.85175121 0.85570891 0.83768377
 0.82972231 0.82922429 0.82707234 0.84517134 0.85114268 0.85609756
 0.87054121 0.84316073 0.88781079 0.86576981 0.91054411 0.92739976
 0.93373313 0.92253314 0.93595608 0.95365633 0.99175824 0.97270246
 1.00184162 0.9965528  1.00789554 1.04995346 1.06549118]

sweep_pts
[1820.00000038 1821.         1821.99999962 1822.99999924 1823.99999886
 1824.99999847 1825.99999809 1826.99999771 1827.99999733 1828.99999695
 1829.99999657 1830.99999619 1831.9999958  1832.99999542 1833.99999504
 1834.99999466 1835.99999428 1836.9999939  1837.99999352 1838.99999313
 1839.99999275 1840.99999237 1841.99999199 1842.99999161 1843.99999123
 1844.99999084 1845.99999046 1846.99999008 1847.9999897  1848.99998932
 1849.99998894 1850.99998856 1851.99998817 1852.99998779 1853.99998741
 1854.99998703 1855.99998665 1856.99998627 1857.99998589 1858.9999855
 1859.99998512]

mw_fMHz
[1820.00000038 1821.         1821.99999962 1822.99999924 1823.99999886
 1824.99999847 1825.99999809 1826.99999771 1827.99999733 1828.99999695
 1829.99999657 1830.99999619 1831.9999958  1832.99999542 1833.99999504
 1834.99999466 1835.99999428 1836.9999939  1837.99999352 1838.99999313
 1839.99999275 1840.99999237 1841.99999199 1842.99999161 1843.99999123
 1844.99999084 1845.99999046 1846.99999008 1847.9999897  1848.99998932
 1849.99998894 1850.99998856 1851.99998817 1852.99998779 1853.99998741
 1854.99998703 1855.99998665 1856.99998627 1857.99998589 1858.9999855
 1859.99998512]

sweep_param
mw_fMHz

mw_freg
[1590340267 1591214080 1592087893 1592961706 1593835519 1594709332
 1595583145 1596456958 1597330771 1598204584 1599078397 1599952210
 1600826023 1601699836 1602573649 1603447462 1604321275 1605195088
 1606068901 1606942714 1607816527 1608690340 1609564153 1610437966
 1611311779 1612185592 1613059405 1613933218 1614807031 1615680844
 1616554657 1617428470 1618302283 1619176096 1620049909 1620923722
 1621797535 1622671348 1623545161 1624418974 1625292787]

mw_fGHz
[1.82       1.821      1.822      1.823      1.824      1.825
 1.826      1.827      1.828      1.829      1.83       1.831
 1.832      1.833      1.834      1.83499999 1.83599999 1.83699999
 1.83799999 1.83899999 1.83999999 1.84099999 1.84199999 1.84299999
 1.84399999 1.84499999 1.84599999 1.84699999 1.84799999 1.84899999
 1.84999999 1.85099999 1.85199999 1.85299999 1.85399999 1.85499999
 1.85599999 1.85699999 1.85799999 1.85899999 1.85999999]

