signal1
[5009 4963 4899 4718 4694 4654 4660 4459 4309 4211 4148 4065 3944 3926
 3862 3697 3645 3709 3731 3744 3766 3807 3895 3823 3913 4100 4106 4295
 4341 4490 4489 4590 4783 4909 4880 4830 5117 4944 5087 5125 5014]

reference1
[5031 5073 5113 5078 5006 5088 5122 5105 5051 5044 5084 5021 5045 5071
 5039 5054 5033 5014 5099 5175 5123 5174 5011 5185 5180 5043 4926 5144
 5109 5141 5133 5118 4923 4951 4895 5097 5053 5114 5001 5135 5090]

signal2
[5132 5107 5105 5051 5079 5037 5165 4941 5034 5092 5086 5128 5118 5114
 5151 5030 5028 5130 5051 5050 4980 5049 4990 5222 5045 5008 5212 5037
 5139 5002 5070 5263 5149 5031 5067 5030 5223 5114 5110 5186 4991]

reference2
[5098 4967 5178 5109 5053 5174 5107 5154 4982 5133 5073 5009 5127 5124
 5165 5168 5108 5089 5101 5100 4938 5103 5029 5132 5074 5137 5246 5031
 5059 5151 5067 5106 5071 5040 5095 5113 5098 5045 5027 5157 5137]

signal1_cts_s
[105757.03092784 104785.81443299 103434.55670103  99613.03092784
  99106.30927835  98261.77319588  98388.45360825  94144.65979381
  90977.64948454  88908.53608247  87578.39175258  85825.97938144
  83271.25773196  82891.21649485  81539.95876289  78056.24742268
  76958.35051546  78309.60824742  78774.10309278  79048.57731959
  79513.07216495  80378.72164948  82236.70103093  80716.53608247
  82616.74226804  86564.94845361  86691.62886598  90682.06185567
  91653.27835052  94799.17525773  94778.06185567  96910.51546392
 100985.40206186 103645.69072165 103033.40206186 101977.73195876
 108037.27835052 104384.65979381 107403.87628866 108206.18556701
 105862.59793814]

reference1_cts_s
[106221.5257732  107108.28865979 107952.82474227 107213.8556701
 105693.69072165 107424.98969072 108142.84536082 107783.91752577
 106643.79381443 106496.         107340.53608247 106010.39175258
 106517.11340206 107066.06185567 106390.43298969 106707.13402062
 106263.75257732 105862.59793814 107657.2371134  109261.8556701
 108163.95876289 109240.74226804 105799.25773196 109472.98969072
 109367.42268041 106474.88659794 104004.6185567  108607.34020619
 107868.37113402 108544.         108375.09278351 108058.39175258
 103941.27835052 104532.45360825 103350.10309278 107615.01030928
 106686.02061856 107973.93814433 105588.12371134 108417.31958763
 107467.21649485]

signal2_cts_s
[108353.97938144 107826.1443299  107783.91752577 106643.79381443
 107234.96907216 106348.20618557 109050.72164948 104321.31958763
 106284.86597938 107509.44329897 107382.7628866  108269.5257732
 108058.39175258 107973.93814433 108755.13402062 106200.41237113
 106158.18556701 108311.75257732 106643.79381443 106622.68041237
 105144.74226804 106601.56701031 105355.87628866 110254.18556701
 106517.11340206 105735.91752577 110043.05154639 106348.20618557
 108501.77319588 105609.2371134  107044.94845361 111119.83505155
 108712.90721649 106221.5257732  106981.60824742 106200.41237113
 110275.29896907 107973.93814433 107889.48453608 109494.10309278
 105376.98969072]

reference2_cts_s
[107636.12371134 104870.26804124 109325.19587629 107868.37113402
 106686.02061856 109240.74226804 107826.1443299  108818.4742268
 105186.96907216 108375.09278351 107108.28865979 105757.03092784
 108248.41237113 108185.07216495 109050.72164948 109114.06185567
 107847.25773196 107446.10309278 107699.46391753 107678.35051546
 104257.97938144 107741.69072165 106179.29896907 108353.97938144
 107129.40206186 108459.54639175 110760.90721649 106221.5257732
 106812.70103093 108755.13402062 106981.60824742 107805.03092784
 107066.06185567 106411.54639175 107572.78350515 107952.82474227
 107636.12371134 106517.11340206 106137.07216495 108881.81443299
 108459.54639175]

contrast
[0.97603274 0.97180341 0.9596474  0.93407246 0.92419768 0.92396268
 0.90222652 0.9024489  0.85597934 0.8269835  0.81557216 0.79270671
 0.77061352 0.76769652 0.74975733 0.73499006 0.72494033 0.72300195
 0.73866561 0.74138614 0.7562249  0.7540107  0.78056112 0.73209498
 0.77561943 0.8186901  0.78779739 0.85269009 0.84471687 0.89764094
 0.88540434 0.87212616 0.92891824 0.97575035 0.96309453 0.96023857
 0.97970515 0.96675792 0.99549902 0.98823756 1.00460829]

sweep_pts
[1820.00000038 1821.         1821.99999962 1822.99999924 1823.99999886
 1824.99999847 1825.99999809 1826.99999771 1827.99999733 1828.99999695
 1829.99999657 1830.99999619 1831.9999958  1832.99999542 1833.99999504
 1834.99999466 1835.99999428 1836.9999939  1837.99999352 1838.99999313
 1839.99999275 1840.99999237 1841.99999199 1842.99999161 1843.99999123
 1844.99999084 1845.99999046 1846.99999008 1847.9999897  1848.99998932
 1849.99998894 1850.99998856 1851.99998817 1852.99998779 1853.99998741
 1854.99998703 1855.99998665 1856.99998627 1857.99998589 1858.9999855
 1859.99998512]

mw_fMHz
[1820.00000038 1821.         1821.99999962 1822.99999924 1823.99999886
 1824.99999847 1825.99999809 1826.99999771 1827.99999733 1828.99999695
 1829.99999657 1830.99999619 1831.9999958  1832.99999542 1833.99999504
 1834.99999466 1835.99999428 1836.9999939  1837.99999352 1838.99999313
 1839.99999275 1840.99999237 1841.99999199 1842.99999161 1843.99999123
 1844.99999084 1845.99999046 1846.99999008 1847.9999897  1848.99998932
 1849.99998894 1850.99998856 1851.99998817 1852.99998779 1853.99998741
 1854.99998703 1855.99998665 1856.99998627 1857.99998589 1858.9999855
 1859.99998512]

sweep_param
mw_fMHz

mw_freg
[1590340267 1591214080 1592087893 1592961706 1593835519 1594709332
 1595583145 1596456958 1597330771 1598204584 1599078397 1599952210
 1600826023 1601699836 1602573649 1603447462 1604321275 1605195088
 1606068901 1606942714 1607816527 1608690340 1609564153 1610437966
 1611311779 1612185592 1613059405 1613933218 1614807031 1615680844
 1616554657 1617428470 1618302283 1619176096 1620049909 1620923722
 1621797535 1622671348 1623545161 1624418974 1625292787]

mw_fGHz
[1.82       1.821      1.822      1.823      1.824      1.825
 1.826      1.827      1.828      1.829      1.83       1.831
 1.832      1.833      1.834      1.83499999 1.83599999 1.83699999
 1.83799999 1.83899999 1.83999999 1.84099999 1.84199999 1.84299999
 1.84399999 1.84499999 1.84599999 1.84699999 1.84799999 1.84899999
 1.84999999 1.85099999 1.85199999 1.85299999 1.85399999 1.85499999
 1.85599999 1.85699999 1.85799999 1.85899999 1.85999999]

