signal1
[2330 2262 2122 2158 2098 2039 2071 1994 1962 1850 1762 1804 1703 1685
 1682 1694 1617 1617 1585 1654 1656 1672 1631 1657 1729 1797 1859 1827
 1918 1979 2037 2045 2099 2144 2138 2146 2197 2170 2219 2315 2209]

reference1
[2368 2314 2280 2317 2394 2301 2324 2300 2306 2327 2337 2348 2350 2236
 2342 2308 2236 2296 2303 2304 2292 2427 2272 2318 2293 2332 2397 2354
 2413 2334 2392 2289 2351 2392 2313 2307 2453 2349 2315 2342 2346]

signal2
[2269 2273 2269 2332 2364 2321 2299 2268 2240 2272 2271 2330 2288 2251
 2276 2269 2317 2325 2308 2357 2293 2236 2311 2333 2319 2289 2253 2307
 2316 2182 2329 2275 2281 2249 2252 2334 2305 2198 2392 2337 2250]

reference2
[2445 2449 2353 2397 2317 2374 2296 2276 2321 2359 2349 2320 2394 2306
 2252 2272 2247 2302 2337 2343 2332 2372 2395 2407 2414 2344 2328 2349
 2255 2298 2355 2331 2322 2339 2415 2408 2324 2361 2367 2320 2240]

signal1_cts_s
[49194.22680412 47758.51546392 44802.63917526 45562.72164948
 44295.91752577 43050.22680412 43725.8556701  42100.12371134
 41424.49484536 39059.79381443 37201.81443299 38088.57731959
 35956.12371134 35576.08247423 35512.74226804 35766.10309278
 34140.37113402 34140.37113402 33464.74226804 34921.56701031
 34963.79381443 35301.60824742 34435.95876289 34984.90721649
 36505.07216495 37940.78350515 39249.81443299 38574.18556701
 40495.50515464 41783.42268041 43008.         43176.90721649
 44317.03092784 45267.13402062 45140.45360825 45309.36082474
 46386.1443299  45816.08247423 46850.63917526 48877.5257732
 46639.50515464]

reference1_cts_s
[49996.53608247 48856.41237113 48138.55670103 48919.75257732
 50545.48453608 48581.93814433 49067.54639175 48560.82474227
 48687.50515464 49130.88659794 49342.02061856 49574.26804124
 49616.49484536 47209.56701031 49447.58762887 48729.73195876
 47209.56701031 48476.37113402 48624.16494845 48645.27835052
 48391.91752577 51242.22680412 47969.64948454 48940.86597938
 48413.03092784 49236.45360825 50608.82474227 49700.94845361
 50946.63917526 49278.68041237 50503.25773196 48328.57731959
 49637.60824742 50503.25773196 48835.29896907 48708.6185567
 51791.17525773 49595.3814433  48877.5257732  49447.58762887
 49532.04123711]

signal2_cts_s
[47906.30927835 47990.7628866  47906.30927835 49236.45360825
 49912.08247423 49004.20618557 48539.71134021 47885.19587629
 47294.02061856 47969.64948454 47948.53608247 49194.22680412
 48307.46391753 47526.26804124 48054.10309278 47906.30927835
 48919.75257732 49088.65979381 48729.73195876 49764.28865979
 48413.03092784 47209.56701031 48793.07216495 49257.56701031
 48961.97938144 48328.57731959 47568.49484536 48708.6185567
 48898.63917526 46069.44329897 49173.11340206 48032.98969072
 48159.67010309 47484.04123711 47547.3814433  49278.68041237
 48666.39175258 46407.25773196 50503.25773196 49342.02061856
 47505.15463918]

reference2_cts_s
[51622.26804124 51706.72164948 49679.83505155 50608.82474227
 48919.75257732 50123.21649485 48476.37113402 48054.10309278
 49004.20618557 49806.51546392 49595.3814433  48983.09278351
 50545.48453608 48687.50515464 47547.3814433  47969.64948454
 47441.81443299 48603.05154639 49342.02061856 49468.70103093
 49236.45360825 50080.98969072 50566.59793814 50819.95876289
 50967.75257732 49489.81443299 49152.         49595.3814433
 47610.72164948 48518.59793814 49722.06185567 49215.34020619
 49025.31958763 49384.24742268 50988.86597938 50841.07216495
 49067.54639175 49848.74226804 49975.42268041 48983.09278351
 47294.02061856]

contrast
[1.02688409 0.99516058 0.93521375 0.92538593 0.88747885 0.87850065
 0.90082645 0.87918871 0.87589286 0.81426056 0.77586966 0.77424893
 0.74431818 0.7485562  0.73901582 0.7465844  0.6978852  0.69548387
 0.68674177 0.7017395  0.72219799 0.74776386 0.70575508 0.71024432
 0.74557999 0.78505898 0.82512206 0.79193758 0.82815199 0.90696609
 0.8746243  0.8989011  0.92021043 0.95331258 0.94937833 0.91945159
 0.95314534 0.98726115 0.92767559 0.99058622 0.98177778]

sweep_pts
[1820.00000038 1821.         1821.99999962 1822.99999924 1823.99999886
 1824.99999847 1825.99999809 1826.99999771 1827.99999733 1828.99999695
 1829.99999657 1830.99999619 1831.9999958  1832.99999542 1833.99999504
 1834.99999466 1835.99999428 1836.9999939  1837.99999352 1838.99999313
 1839.99999275 1840.99999237 1841.99999199 1842.99999161 1843.99999123
 1844.99999084 1845.99999046 1846.99999008 1847.9999897  1848.99998932
 1849.99998894 1850.99998856 1851.99998817 1852.99998779 1853.99998741
 1854.99998703 1855.99998665 1856.99998627 1857.99998589 1858.9999855
 1859.99998512]

mw_fMHz
[1820.00000038 1821.         1821.99999962 1822.99999924 1823.99999886
 1824.99999847 1825.99999809 1826.99999771 1827.99999733 1828.99999695
 1829.99999657 1830.99999619 1831.9999958  1832.99999542 1833.99999504
 1834.99999466 1835.99999428 1836.9999939  1837.99999352 1838.99999313
 1839.99999275 1840.99999237 1841.99999199 1842.99999161 1843.99999123
 1844.99999084 1845.99999046 1846.99999008 1847.9999897  1848.99998932
 1849.99998894 1850.99998856 1851.99998817 1852.99998779 1853.99998741
 1854.99998703 1855.99998665 1856.99998627 1857.99998589 1858.9999855
 1859.99998512]

sweep_param
mw_fMHz

mw_freg
[1590340267 1591214080 1592087893 1592961706 1593835519 1594709332
 1595583145 1596456958 1597330771 1598204584 1599078397 1599952210
 1600826023 1601699836 1602573649 1603447462 1604321275 1605195088
 1606068901 1606942714 1607816527 1608690340 1609564153 1610437966
 1611311779 1612185592 1613059405 1613933218 1614807031 1615680844
 1616554657 1617428470 1618302283 1619176096 1620049909 1620923722
 1621797535 1622671348 1623545161 1624418974 1625292787]

mw_fGHz
[1.82       1.821      1.822      1.823      1.824      1.825
 1.826      1.827      1.828      1.829      1.83       1.831
 1.832      1.833      1.834      1.83499999 1.83599999 1.83699999
 1.83799999 1.83899999 1.83999999 1.84099999 1.84199999 1.84299999
 1.84399999 1.84499999 1.84599999 1.84699999 1.84799999 1.84899999
 1.84999999 1.85099999 1.85199999 1.85299999 1.85399999 1.85499999
 1.85599999 1.85699999 1.85799999 1.85899999 1.85999999]

