signal1
[2014 2066 1988 1987 2037 2091 2056 2013 2004 2003 1997 1974 1945 1954
 1958 2009 1952 2020 1976 1992 1984 1997 2002 1958 2051 2020 2023 2006
 2062 1966 1987 2028 2062 2065 1995 2013 2046 1975 1995 2139 2085]

reference1
[2051 2067 2099 2061 2113 2024 2132 2027 2069 2122 2063 2075 2115 2020
 2131 2026 2042 2024 2051 2050 2063 2052 2068 2046 2067 2117 2085 2119
 2007 2081 1998 2019 2111 2026 2081 2016 2054 2185 2106 1985 2070]

signal2
[2057 2041 2086 2016 2078 1997 2071 2034 2031 2022 2050 2032 1986 2056
 2027 1989 2058 1986 2005 1984 2063 1980 1897 2026 2145 2057 2004 2088
 1986 2022 1959 2102 2188 1916 1977 2106 2060 1979 1981 2038 2119]

reference2
[2032 2137 2099 2084 2090 1987 2087 2067 2010 2068 2102 2159 1999 2056
 2026 2022 2072 2157 2106 2051 2032 2136 2125 2135 2039 2056 2074 2147
 2149 1993 2080 2047 2127 2042 2045 2103 2120 2062 2125 2084 2111]

signal1_cts_s
[42522.39175258 43620.28865979 41973.44329897 41952.32989691
 43008.         44148.12371134 43409.15463918 42501.27835052
 42311.25773196 42290.1443299  42163.46391753 41677.8556701
 41065.56701031 41255.58762887 41340.04123711 42416.82474227
 41213.36082474 42649.07216495 41720.08247423 42057.89690722
 41888.98969072 42163.46391753 42269.03092784 41340.04123711
 43303.58762887 42649.07216495 42712.41237113 42353.48453608
 43535.83505155 41508.94845361 41952.32989691 42817.97938144
 43535.83505155 43599.17525773 42121.2371134  42501.27835052
 43198.02061856 41698.96907216 42121.2371134  45161.56701031
 44021.44329897]

reference1_cts_s
[43303.58762887 43641.40206186 44317.03092784 43514.72164948
 44612.6185567  42733.5257732  45013.77319588 42796.86597938
 43683.62886598 44802.63917526 43556.94845361 43810.30927835
 44654.84536082 42649.07216495 44992.65979381 42775.75257732
 43113.56701031 42733.5257732  43303.58762887 43282.4742268
 43556.94845361 43324.70103093 43662.51546392 43198.02061856
 43641.40206186 44697.07216495 44021.44329897 44739.29896907
 42374.59793814 43936.98969072 42184.57731959 42627.95876289
 44570.39175258 42775.75257732 43936.98969072 42564.6185567
 43366.92783505 46132.78350515 44464.82474227 41910.10309278
 43704.74226804]

signal2_cts_s
[43430.26804124 43092.45360825 44042.55670103 42564.6185567
 43873.64948454 42163.46391753 43725.8556701  42944.65979381
 42881.31958763 42691.29896907 43282.4742268  42902.43298969
 41931.21649485 43409.15463918 42796.86597938 41994.55670103
 43451.3814433  41931.21649485 42332.37113402 41888.98969072
 43556.94845361 41804.53608247 40052.12371134 42775.75257732
 45288.24742268 43430.26804124 42311.25773196 44084.78350515
 41931.21649485 42691.29896907 41361.15463918 44380.37113402
 46196.12371134 40453.27835052 41741.19587629 44464.82474227
 43493.60824742 41783.42268041 41825.64948454 43029.11340206
 44739.29896907]

reference2_cts_s
[42902.43298969 45119.34020619 44317.03092784 44000.32989691
 44127.01030928 41952.32989691 44063.67010309 43641.40206186
 42437.93814433 43662.51546392 44380.37113402 45583.83505155
 42205.69072165 43409.15463918 42775.75257732 42691.29896907
 43746.96907216 45541.60824742 44464.82474227 43303.58762887
 42902.43298969 45098.22680412 44865.97938144 45077.11340206
 43050.22680412 43409.15463918 43789.19587629 45330.4742268
 45372.70103093 42079.01030928 43915.87628866 43219.13402062
 44908.20618557 43113.56701031 43176.90721649 44401.48453608
 44760.41237113 43535.83505155 44865.97938144 44000.32989691
 44570.39175258]

contrast
[0.97909577 1.0122489  0.95302013 0.98561508 0.98026949 1.04707061
 0.99275712 0.98967552 0.98670606 0.99060336 0.97414634 0.97145669
 0.97935549 0.95038911 0.96595955 1.0100553  0.94849368 1.01711984
 0.98553616 1.00403226 0.96170625 1.00858586 1.05535055 0.96643633
 0.95617716 0.98201264 1.00948104 0.96072797 1.03826788 0.97230465
 1.01429301 0.96479543 0.94241316 1.07776618 1.0091047  0.95584046
 0.99320388 0.99797878 1.00706714 1.04955839 0.9839547 ]

sweep_pts
[1820.00000038 1821.         1821.99999962 1822.99999924 1823.99999886
 1824.99999847 1825.99999809 1826.99999771 1827.99999733 1828.99999695
 1829.99999657 1830.99999619 1831.9999958  1832.99999542 1833.99999504
 1834.99999466 1835.99999428 1836.9999939  1837.99999352 1838.99999313
 1839.99999275 1840.99999237 1841.99999199 1842.99999161 1843.99999123
 1844.99999084 1845.99999046 1846.99999008 1847.9999897  1848.99998932
 1849.99998894 1850.99998856 1851.99998817 1852.99998779 1853.99998741
 1854.99998703 1855.99998665 1856.99998627 1857.99998589 1858.9999855
 1859.99998512]

mw_fMHz
[1820.00000038 1821.         1821.99999962 1822.99999924 1823.99999886
 1824.99999847 1825.99999809 1826.99999771 1827.99999733 1828.99999695
 1829.99999657 1830.99999619 1831.9999958  1832.99999542 1833.99999504
 1834.99999466 1835.99999428 1836.9999939  1837.99999352 1838.99999313
 1839.99999275 1840.99999237 1841.99999199 1842.99999161 1843.99999123
 1844.99999084 1845.99999046 1846.99999008 1847.9999897  1848.99998932
 1849.99998894 1850.99998856 1851.99998817 1852.99998779 1853.99998741
 1854.99998703 1855.99998665 1856.99998627 1857.99998589 1858.9999855
 1859.99998512]

sweep_param
mw_fMHz

mw_freg
[1590340267 1591214080 1592087893 1592961706 1593835519 1594709332
 1595583145 1596456958 1597330771 1598204584 1599078397 1599952210
 1600826023 1601699836 1602573649 1603447462 1604321275 1605195088
 1606068901 1606942714 1607816527 1608690340 1609564153 1610437966
 1611311779 1612185592 1613059405 1613933218 1614807031 1615680844
 1616554657 1617428470 1618302283 1619176096 1620049909 1620923722
 1621797535 1622671348 1623545161 1624418974 1625292787]

mw_fGHz
[1.82       1.821      1.822      1.823      1.824      1.825
 1.826      1.827      1.828      1.829      1.83       1.831
 1.832      1.833      1.834      1.83499999 1.83599999 1.83699999
 1.83799999 1.83899999 1.83999999 1.84099999 1.84199999 1.84299999
 1.84399999 1.84499999 1.84599999 1.84699999 1.84799999 1.84899999
 1.84999999 1.85099999 1.85199999 1.85299999 1.85399999 1.85499999
 1.85599999 1.85699999 1.85799999 1.85899999 1.85999999]

