signal1
[2746 2720 2747 2737 2900 2788 2795 2743 2778 2821 2717 2745 2567 2747
 2707 2621 2641 2599 2817 2651 2657 2830 2734 2710 2707 2745 2725 2728
 2797 2736 2706 2838 2756 2680 2776 2858 2717 2794 2804 2781 2793]

reference1
[2889 2912 2857 2953 2890 2976 2877 2874 2886 2911 2878 2875 2873 2924
 2839 2820 2926 2934 2919 2953 2836 2855 2831 2961 2785 2915 2830 2875
 2905 2834 2846 2887 2873 2880 2867 2855 2846 2845 2919 2834 2886]

signal2
[2829 2882 2782 2818 2805 2812 2928 2872 2784 2838 2822 2805 2899 2879
 2845 2809 2808 2855 2891 2832 2788 2858 2935 2815 2874 2797 2849 2843
 2838 2755 2816 2884 2859 2812 2724 2763 2809 2867 2846 2866 2873]

reference2
[2902 2882 2900 2986 2907 2928 2850 2897 2915 2942 2808 2851 2914 2932
 2872 2860 2904 2933 2842 2885 2856 2742 2913 2851 2843 2880 2863 2860
 2953 2873 2913 2854 2848 2889 2818 2865 2915 2894 3017 2887 2877]

signal1_cts_s
[57977.40206186 57428.45360825 57998.51546392 57787.3814433
 61228.86597938 58864.16494845 59011.95876289 57914.06185567
 58653.03092784 59560.90721649 57365.11340206 57956.28865979
 54198.10309278 57998.51546392 57153.97938144 55338.22680412
 55760.49484536 54873.73195876 59476.45360825 55971.62886598
 56098.30927835 59750.92783505 57724.04123711 57217.31958763
 57153.97938144 57956.28865979 57534.02061856 57597.36082474
 59054.18556701 57766.26804124 57132.86597938 59919.83505155
 58188.53608247 56583.91752577 58610.80412371 60342.10309278
 57365.11340206 58990.84536082 59201.97938144 58716.37113402
 58969.73195876]

reference1_cts_s
[60996.6185567  61482.22680412 60320.98969072 62347.87628866
 61017.73195876 62833.48453608 60743.25773196 60679.91752577
 60933.27835052 61461.11340206 60764.37113402 60701.03092784
 60658.80412371 61735.58762887 59940.94845361 59539.79381443
 61777.81443299 61946.72164948 61630.02061856 62347.87628866
 59877.60824742 60278.7628866  59772.04123711 62516.78350515
 58800.82474227 61545.56701031 59750.92783505 60701.03092784
 61334.43298969 59835.3814433  60088.74226804 60954.39175258
 60658.80412371 60806.59793814 60532.12371134 60278.7628866
 60088.74226804 60067.62886598 61630.02061856 59835.3814433
 60933.27835052]

signal2_cts_s
[59729.81443299 60848.82474227 58737.48453608 59497.56701031
 59223.09278351 59370.88659794 61820.04123711 60637.69072165
 58779.71134021 59919.83505155 59582.02061856 59223.09278351
 61207.75257732 60785.48453608 60067.62886598 59307.54639175
 59286.43298969 60278.7628866  61038.84536082 59793.15463918
 58864.16494845 60342.10309278 61967.83505155 59434.22680412
 60679.91752577 59054.18556701 60152.08247423 60025.40206186
 59919.83505155 58167.42268041 59455.34020619 60891.05154639
 60363.21649485 59370.88659794 57512.90721649 58336.32989691
 59307.54639175 60532.12371134 60088.74226804 60511.01030928
 60658.80412371]

reference2_cts_s
[61271.09278351 60848.82474227 61228.86597938 63044.6185567
 61376.65979381 61820.04123711 60173.19587629 61165.5257732
 61545.56701031 62115.62886598 59286.43298969 60194.30927835
 61524.45360825 61904.49484536 60637.69072165 60384.32989691
 61313.31958763 61925.60824742 60004.28865979 60912.16494845
 60299.87628866 57892.94845361 61503.34020619 60194.30927835
 60025.40206186 60806.59793814 60447.67010309 60384.32989691
 62347.87628866 60658.80412371 61503.34020619 60257.64948454
 60130.96907216 60996.6185567  59497.56701031 60489.89690722
 61545.56701031 61102.18556701 63699.13402062 60954.39175258
 60743.25773196]

contrast
[0.97066101 0.94378904 0.98741912 0.97125621 1.03386809 0.99146515
 0.9545765  0.95508357 0.99784483 0.99400987 0.96279235 0.97860963
 0.88547775 0.95415075 0.95149385 0.93307227 0.94052707 0.91033275
 0.97440332 0.93608757 0.95301291 0.99020294 0.93151618 0.96269982
 0.94189283 0.98140865 0.95647596 0.95954977 0.98555321 0.99310345
 0.9609375  0.98404993 0.96397342 0.95305832 1.01908957 1.03438292
 0.96724813 0.97453784 0.98524245 0.97034194 0.97215454]

sweep_pts
[1820.00000038 1821.         1821.99999962 1822.99999924 1823.99999886
 1824.99999847 1825.99999809 1826.99999771 1827.99999733 1828.99999695
 1829.99999657 1830.99999619 1831.9999958  1832.99999542 1833.99999504
 1834.99999466 1835.99999428 1836.9999939  1837.99999352 1838.99999313
 1839.99999275 1840.99999237 1841.99999199 1842.99999161 1843.99999123
 1844.99999084 1845.99999046 1846.99999008 1847.9999897  1848.99998932
 1849.99998894 1850.99998856 1851.99998817 1852.99998779 1853.99998741
 1854.99998703 1855.99998665 1856.99998627 1857.99998589 1858.9999855
 1859.99998512]

mw_fMHz
[1820.00000038 1821.         1821.99999962 1822.99999924 1823.99999886
 1824.99999847 1825.99999809 1826.99999771 1827.99999733 1828.99999695
 1829.99999657 1830.99999619 1831.9999958  1832.99999542 1833.99999504
 1834.99999466 1835.99999428 1836.9999939  1837.99999352 1838.99999313
 1839.99999275 1840.99999237 1841.99999199 1842.99999161 1843.99999123
 1844.99999084 1845.99999046 1846.99999008 1847.9999897  1848.99998932
 1849.99998894 1850.99998856 1851.99998817 1852.99998779 1853.99998741
 1854.99998703 1855.99998665 1856.99998627 1857.99998589 1858.9999855
 1859.99998512]

sweep_param
mw_fMHz

mw_freg
[1590340267 1591214080 1592087893 1592961706 1593835519 1594709332
 1595583145 1596456958 1597330771 1598204584 1599078397 1599952210
 1600826023 1601699836 1602573649 1603447462 1604321275 1605195088
 1606068901 1606942714 1607816527 1608690340 1609564153 1610437966
 1611311779 1612185592 1613059405 1613933218 1614807031 1615680844
 1616554657 1617428470 1618302283 1619176096 1620049909 1620923722
 1621797535 1622671348 1623545161 1624418974 1625292787]

mw_fGHz
[1.82       1.821      1.822      1.823      1.824      1.825
 1.826      1.827      1.828      1.829      1.83       1.831
 1.832      1.833      1.834      1.83499999 1.83599999 1.83699999
 1.83799999 1.83899999 1.83999999 1.84099999 1.84199999 1.84299999
 1.84399999 1.84499999 1.84599999 1.84699999 1.84799999 1.84899999
 1.84999999 1.85099999 1.85199999 1.85299999 1.85399999 1.85499999
 1.85599999 1.85699999 1.85799999 1.85899999 1.85999999]

