Start: 100
Stop: 150000
Delta: 200
Reps: 300000
Pulse width: 46p3

signal1
[5237 5083 4786 4575 4246 4030 3694 3952 3850 3991 4333 4671 4836 4963
 4953 5024 4716 4602 4514 4220 4181 4102 4194 4160 4346 4491 4572 4607
 4685 4622 4605 4566 4465 4548 4319 4299 4378 4484 4284 4388 4445 4489
 4358 4530 4492 4338 4479 4342 4441 4353 4495 4403 4405 4438 4345 4506
 4336 4525 4424 4462 4426 4417 4354 4487 4465 4481 4433 4307 4437 4353
 4372 4485 4420 4377 4404]


reference1
[5515 5508 5421 5423 5378 5409 5309 5466 5392 5536 5405 5379 5410 5416
 5405 5454 5456 5287 5388 5440 5385 5443 5342 5310 5428 5433 5447 5556
 5502 5425 5474 5546 5437 5335 5404 5439 5446 5431 5408 5308 5430 5323
 5590 5299 5352 5274 5349 5378 5419 5371 5451 5525 5459 5336 5448 5368
 5379 5316 5417 5353 5372 5375 5319 5454 5347 5486 5477 5367 5328 5428
 5283 5257 5368 5478 5300]


signal2
[5249 5390 5178 5308 5311 5132 5287 5217 5252 5287 5311 5279 5302 5316
 5407 5238 5225 5163 5273 5096 5211 5162 5254 5265 5223 5061 5182 5190
 5054 5236 5135 5339 5154 5282 5031 5179 5056 5207 5181 5333 5203 5276
 5181 5286 5194 5259 5303 5163 5343 5237 5222 5338 5181 5252 5207 5200
 5138 5136 5152 5187 5144 5275 5224 5194 5147 5035 5250 5217 5124 5096
 5097 5214 5162 5225 5094]


reference2
[5498 5472 5504 5355 5479 5342 5442 5417 5501 5579 5368 5466 5462 5452
 5508 5603 5527 5491 5390 5515 5364 5495 5398 5315 5423 5467 5428 5385
 5531 5371 5414 5382 5416 5355 5326 5404 5364 5439 5440 5541 5433 5410
 5280 5414 5399 5382 5427 5481 5422 5410 5274 5532 5322 5301 5498 5473
 5364 5329 5312 5445 5395 5399 5380 5383 5527 5449 5429 5394 5264 5514
 5366 5420 5275 5290 5478]


signal1_cts_s
[27642.72164948 26829.8556701  25262.18556701 24148.45360825
 22411.87628866 21271.75257732 19498.22680412 20860.04123711
 20321.64948454 21065.89690722 22871.09278351 24655.17525773
 25526.10309278 26196.45360825 26143.67010309 26518.43298969
 24892.70103093 24290.96907216 23826.4742268  22274.63917526
 22068.78350515 21651.79381443 22137.40206186 21957.93814433
 22939.71134021 23705.07216495 24132.6185567  24317.36082474
 24729.07216495 24396.53608247 24306.80412371 24100.94845361
 23567.83505155 24005.93814433 22797.19587629 22691.62886598
 23108.6185567  23668.12371134 22612.45360825 23161.40206186
 23462.26804124 23694.51546392 23003.05154639 23910.92783505
 23710.35051546 22897.48453608 23641.73195876 22918.59793814
 23441.15463918 22976.65979381 23726.18556701 23240.57731959
 23251.13402062 23425.31958763 22934.43298969 23784.24742268
 22886.92783505 23884.53608247 23351.42268041 23552.
 23361.97938144 23314.4742268  22981.93814433 23683.95876289
 23567.83505155 23652.28865979 23398.92783505 22733.8556701
 23420.04123711 22976.65979381 23076.94845361 23673.40206186
 23330.30927835 23103.34020619 23245.8556701 ]


reference1_cts_s
[29110.10309278 29073.15463918 28613.93814433 28624.49484536
 28386.96907216 28550.59793814 28022.7628866  28851.46391753
 28460.86597938 29220.94845361 28529.48453608 28392.24742268
 28555.87628866 28587.54639175 28529.48453608 28788.12371134
 28798.68041237 27906.63917526 28439.75257732 28714.22680412
 28423.91752577 28730.06185567 28196.94845361 28028.04123711
 28650.88659794 28677.27835052 28751.17525773 29326.51546392
 29041.48453608 28635.05154639 28893.69072165 29273.73195876
 28698.39175258 28160.         28524.20618557 28708.94845361
 28745.89690722 28666.72164948 28545.31958763 28017.48453608
 28661.44329897 28096.65979381 29505.97938144 27969.97938144
 28249.73195876 27838.02061856 28233.89690722 28386.96907216
 28603.3814433  28350.02061856 28772.28865979 29162.88659794
 28814.51546392 28165.27835052 28756.45360825 28334.18556701
 28392.24742268 28059.71134021 28592.82474227 28255.01030928
 28355.29896907 28371.13402062 28075.54639175 28788.12371134
 28223.34020619 28957.03092784 28909.5257732  28328.90721649
 28123.05154639 28650.88659794 27885.5257732  27748.28865979
 28334.18556701 28914.80412371 27975.25773196]


signal2_cts_s
[27706.06185567 28450.30927835 27331.29896907 28017.48453608
 28033.31958763 27088.49484536 27906.63917526 27537.15463918
 27721.89690722 27906.63917526 28033.31958763 27864.41237113
 27985.81443299 28059.71134021 28540.04123711 27648.
 27579.3814433  27252.12371134 27832.74226804 26898.4742268
 27505.48453608 27246.84536082 27732.45360825 27790.51546392
 27568.82474227 26713.73195876 27352.41237113 27394.63917526
 26676.78350515 27637.44329897 27104.32989691 28181.11340206
 27204.6185567  27880.24742268 26555.3814433  27336.57731959
 26687.34020619 27484.37113402 27347.13402062 28149.44329897
 27463.25773196 27848.57731959 27347.13402062 27901.36082474
 27415.75257732 27758.84536082 27991.09278351 27252.12371134
 28202.22680412 27642.72164948 27563.54639175 28175.83505155
 27347.13402062 27721.89690722 27484.37113402 27447.42268041
 27120.16494845 27109.60824742 27194.06185567 27378.80412371
 27151.83505155 27843.29896907 27574.10309278 27415.75257732
 27167.67010309 26576.49484536 27711.34020619 27537.15463918
 27046.26804124 26898.4742268  26903.75257732 27521.31958763
 27246.84536082 27579.3814433  26887.91752577]


reference2_cts_s
[29020.37113402 28883.13402062 29052.04123711 28265.56701031
 28920.08247423 28196.94845361 28724.78350515 28592.82474227
 29036.20618557 29447.91752577 28334.18556701 28851.46391753
 28830.35051546 28777.56701031 29073.15463918 29574.59793814
 29173.44329897 28983.42268041 28450.30927835 29110.10309278
 28313.07216495 29004.53608247 28492.53608247 28054.43298969
 28624.49484536 28856.74226804 28650.88659794 28423.91752577
 29194.55670103 28350.02061856 28576.98969072 28408.08247423
 28587.54639175 28265.56701031 28112.49484536 28524.20618557
 28313.07216495 28708.94845361 28714.22680412 29247.34020619
 28677.27835052 28555.87628866 27869.69072165 28576.98969072
 28497.81443299 28408.08247423 28645.60824742 28930.63917526
 28619.21649485 28555.87628866 27838.02061856 29199.83505155
 28091.3814433  27980.53608247 29020.37113402 28888.41237113
 28313.07216495 28128.32989691 28038.59793814 28740.6185567
 28476.70103093 28497.81443299 28397.5257732  28413.36082474
 29173.44329897 28761.73195876 28656.16494845 28471.42268041
 27785.2371134  29104.82474227 28323.62886598 28608.65979381
 27843.29896907 27922.4742268  28914.80412371]


contrast
[0.99771385 0.94304267 0.92429509 0.86190656 0.79947279 0.7852689
 0.69869491 0.75752348 0.73305407 0.75487044 0.81585389 0.88482667
 0.91210864 0.93359669 0.91603477 0.95914471 0.90258373 0.89134224
 0.85605917 0.82810047 0.8023412  0.79465324 0.79824895 0.79012346
 0.83208884 0.88737404 0.88228483 0.88766859 0.92698852 0.88273491
 0.89678676 0.85521633 0.86631742 0.86103749 0.85847744 0.83008303
 0.8659019  0.86114845 0.8268674  0.82280143 0.85431482 0.85083397
 0.84115036 0.8569807  0.86484405 0.82487165 0.84461625 0.84098392
 0.83118098 0.83120107 0.86078131 0.82484076 0.85022196 0.84501142
 0.83445362 0.86653846 0.84390814 0.88103583 0.85869565 0.86022749
 0.86041991 0.83734597 0.83346095 0.8638814  0.86749563 0.88997021
 0.84438095 0.82557025 0.86592506 0.85419937 0.85775947 0.86018412
 0.85625726 0.83770335 0.86454653]


sweep_pts
[  492.  1475.  2458.  3441.  4424.  5407.  6390.  7373.  8356.  9339.
 10322. 11305. 12288. 13271. 14254. 15237. 16220. 17203. 18186. 19169.
 20152. 21135. 22118. 23101. 24084. 25067. 26050. 27033. 28016. 28999.
 29982. 30965. 31948. 32931. 33914. 34897. 35880. 36863. 37846. 38829.
 39812. 40795. 41778. 42761. 43744. 44727. 45710. 46693. 47676. 48659.
 49642. 50625. 51608. 52591. 53574. 54557. 55540. 56523. 57506. 58489.
 59472. 60455. 61438. 62421. 63404. 64387. 65370. 66353. 67336. 68319.
 69302. 70285. 71268. 72251. 73234.]


tau_ftsamp
[  492  1475  2458  3441  4424  5407  6390  7373  8356  9339 10322 11305
 12288 13271 14254 15237 16220 17203 18186 19169 20152 21135 22118 23101
 24084 25067 26050 27033 28016 28999 29982 30965 31948 32931 33914 34897
 35880 36863 37846 38829 39812 40795 41778 42761 43744 44727 45710 46693
 47676 48659 49642 50625 51608 52591 53574 54557 55540 56523 57506 58489
 59472 60455 61438 62421 63404 64387 65370 66353 67336 68319 69302 70285
 71268 72251 73234]


sweep_param
tau_ftsamp


tau_ftus
[ 0.10009766  0.30008952  0.50008138  0.70007324  0.9000651   1.10005697
  1.30004883  1.50004069  1.70003255  1.90002441  2.10001628  2.30000814
  2.5         2.69999186  2.89998372  3.09997559  3.29996745  3.49995931
  3.69995117  3.89994303  4.0999349   4.29992676  4.49991862  4.69991048
  4.89990234  5.09989421  5.29988607  5.49987793  5.69986979  5.89986165
  6.09985352  6.29984538  6.49983724  6.6998291   6.89982096  7.09981283
  7.29980469  7.49979655  7.69978841  7.89978027  8.09977214  8.299764
  8.49975586  8.69974772  8.89973958  9.09973145  9.29972331  9.49971517
  9.69970703  9.89969889 10.09969076 10.29968262 10.49967448 10.69966634
 10.8996582  11.09965007 11.29964193 11.49963379 11.69962565 11.89961751
 12.09960938 12.29960124 12.4995931  12.69958496 12.89957682 13.09956868
 13.29956055 13.49955241 13.69954427 13.89953613 14.09952799 14.29951986
 14.49951172 14.69950358 14.89949544]


tau_ftns
[  100.09765625   300.08951823   500.08138021   700.07324219
   900.06510417  1100.05696615  1300.04882812  1500.0406901
  1700.03255208  1900.02441406  2100.01627604  2300.00813802
  2500.          2699.99186198  2899.98372396  3099.97558594
  3299.96744792  3499.9593099   3699.95117188  3899.94303385
  4099.93489583  4299.92675781  4499.91861979  4699.91048177
  4899.90234375  5099.89420573  5299.88606771  5499.87792969
  5699.86979167  5899.86165365  6099.85351562  6299.8453776
  6499.83723958  6699.82910156  6899.82096354  7099.81282552
  7299.8046875   7499.79654948  7699.78841146  7899.78027344
  8099.77213542  8299.7639974   8499.75585938  8699.74772135
  8899.73958333  9099.73144531  9299.72330729  9499.71516927
  9699.70703125  9899.69889323 10099.69075521 10299.68261719
 10499.67447917 10699.66634115 10899.65820312 11099.6500651
 11299.64192708 11499.63378906 11699.62565104 11899.61751302
 12099.609375   12299.60123698 12499.59309896 12699.58496094
 12899.57682292 13099.5686849  13299.56054688 13499.55240885
 13699.54427083 13899.53613281 14099.52799479 14299.51985677
 14499.51171875 14699.50358073 14899.49544271]

