Start: 100
Stop: 150000
Delta: 200
Reps: 150000
Pulse width: 46p3

signal1
[4868 4664 4529 4352 4022 3723 3509 3477 3662 3651 4085 4284 4379 4633
 4588 4614 4502 4339 4250 4042 3890 3822 3798 3863 3961 3954 4071 4364
 4324 4341 4322 4251 4155 4283 4128 4014 4036 3994 4160 4049 4112 4203
 4174 4049 4160 4171 4155 4034 4144 4223 4231 4062 4195 4027 4078 4050
 4152 4141 4130 4025 4090 4220 4129 4131 4192 4055 4122 4072 4122 4142
 4207 4123 4001 4167 4240]


reference1
[5153 5051 5123 5172 5055 5040 5076 5028 5040 5082 5174 5037 4892 5047
 5053 5105 5112 5060 5107 5044 5064 5101 5015 5105 4922 4942 5102 4950
 4983 4980 4960 4993 5135 5060 5084 5024 5020 5139 5043 5073 5141 4927
 5002 4983 5182 5059 5086 4905 4947 4996 4967 4912 5022 5080 5133 5027
 4963 5062 4978 4977 5123 5091 5096 5061 5071 5044 5004 5074 4884 5040
 5064 5005 4978 5053 4942]


signal2
[4961 4966 4889 5031 4934 4918 4975 5089 5080 4778 4915 4800 4861 5032
 4915 4969 4936 4893 4847 4949 4921 4865 4880 4815 4969 4874 4972 4787
 4945 4953 4838 4818 4967 4865 4912 4887 4704 4980 4915 4803 4947 4805
 4934 4773 4785 4846 4906 4890 5033 4924 4852 4845 4867 4869 4848 4928
 4878 5009 4860 4873 4970 4935 4911 4747 4836 4802 4929 4865 4959 4775
 4889 4816 4918 4834 4935]


reference2
[4973 5002 4998 4961 5076 5078 5199 5116 5052 5129 4978 4936 5053 5145
 4984 5077 5111 5006 4951 4904 5072 5021 4963 5020 4999 4995 5031 4965
 5107 5059 4945 5077 5200 4932 4963 5177 5006 4984 5022 4997 5028 5120
 5041 5003 5119 4918 4984 5057 4957 5018 5030 5019 4949 5042 5044 5026
 5053 5127 5031 5038 4989 5082 4941 4972 4917 5046 5079 5054 4906 5153
 5086 5062 5120 5090 5007]


signal1_cts_s
[51390.02061856 49236.45360825 47811.29896907 45942.7628866
 42459.05154639 39302.59793814 37043.46391753 36705.64948454
 38658.63917526 38542.51546392 43124.12371134 45224.90721649
 46227.79381443 48909.19587629 48434.1443299  48708.6185567
 47526.26804124 45805.5257732  44865.97938144 42670.18556701
 41065.56701031 40347.71134021 40094.35051546 40780.53608247
 41815.09278351 41741.19587629 42976.32989691 46069.44329897
 45647.17525773 45826.63917526 45626.06185567 44876.53608247
 43863.09278351 45214.35051546 43578.06185567 42374.59793814
 42606.84536082 42163.46391753 43915.87628866 42744.08247423
 43409.15463918 44369.81443299 44063.67010309 42744.08247423
 43915.87628866 44032.         43863.09278351 42585.73195876
 43746.96907216 44580.94845361 44665.40206186 42881.31958763
 44285.36082474 42511.83505155 43050.22680412 42754.63917526
 43831.42268041 43715.29896907 43599.17525773 42490.72164948
 43176.90721649 44549.27835052 43588.6185567  43609.73195876
 44253.69072165 42807.42268041 43514.72164948 42986.88659794
 43514.72164948 43725.8556701  44412.04123711 43525.27835052
 42237.36082474 43989.77319588 44760.41237113]


reference1_cts_s
[54398.68041237 53321.89690722 54081.97938144 54599.25773196
 53364.12371134 53205.77319588 53585.81443299 53079.09278351
 53205.77319588 53649.15463918 54620.37113402 53174.10309278
 51643.3814433  53279.67010309 53343.01030928 53891.95876289
 53965.8556701  53416.90721649 53913.07216495 53248.
 53459.13402062 53849.73195876 52941.8556701  53891.95876289
 51960.08247423 52171.21649485 53860.28865979 52255.67010309
 52604.04123711 52572.37113402 52361.2371134  52709.60824742
 54208.65979381 53416.90721649 53670.26804124 53036.86597938
 52994.63917526 54250.88659794 53237.44329897 53554.1443299
 54272.         52012.86597938 52804.6185567  52604.04123711
 54704.82474227 53406.35051546 53691.3814433  51780.6185567
 52224.         52741.27835052 52435.13402062 51854.51546392
 53015.75257732 53628.04123711 54187.54639175 53068.53608247
 52392.90721649 53438.02061856 52551.25773196 52540.70103093
 54081.97938144 53744.16494845 53796.94845361 53427.46391753
 53533.03092784 53248.         52825.73195876 53564.70103093
 51558.92783505 53205.77319588 53459.13402062 52836.28865979
 52551.25773196 53343.01030928 52171.21649485]


signal2_cts_s
[52371.79381443 52424.57731959 51611.71134021 53110.7628866
 52086.7628866  51917.8556701  52519.58762887 53723.05154639
 53628.04123711 50439.91752577 51886.18556701 50672.16494845
 51316.12371134 53121.31958763 51886.18556701 52456.24742268
 52107.87628866 51653.93814433 51168.32989691 52245.11340206
 51949.5257732  51358.35051546 51516.70103093 50830.51546392
 52456.24742268 51453.36082474 52487.91752577 50534.92783505
 52202.88659794 52287.34020619 51073.31958763 50862.18556701
 52435.13402062 51358.35051546 51854.51546392 51590.59793814
 49658.72164948 52572.37113402 51886.18556701 50703.83505155
 52224.         50724.94845361 52086.7628866  50387.13402062
 50513.81443299 51157.77319588 51791.17525773 51622.26804124
 53131.87628866 51981.19587629 51221.11340206 51147.21649485
 51379.46391753 51400.57731959 51178.88659794 52023.42268041
 51495.58762887 52878.51546392 51305.56701031 51442.80412371
 52466.80412371 52097.31958763 51843.95876289 50112.65979381
 51052.20618557 50693.27835052 52033.97938144 51358.35051546
 52350.68041237 50408.24742268 51611.71134021 50841.07216495
 51917.8556701  51031.09278351 52097.31958763]


reference2_cts_s
[52498.4742268  52804.6185567  52762.39175258 52371.79381443
 53585.81443299 53606.92783505 54884.28865979 54008.08247423
 53332.45360825 54145.31958763 52551.25773196 52107.87628866
 53343.01030928 54314.22680412 52614.59793814 53596.37113402
 53955.29896907 52846.84536082 52266.22680412 51770.06185567
 53543.58762887 53005.19587629 52392.90721649 52994.63917526
 52772.94845361 52730.72164948 53110.7628866  52414.02061856
 53913.07216495 53406.35051546 52202.88659794 53596.37113402
 54894.84536082 52065.64948454 52392.90721649 54652.04123711
 52846.84536082 52614.59793814 53015.75257732 52751.83505155
 53079.09278351 54050.30927835 53216.32989691 52815.17525773
 54039.75257732 51917.8556701  52614.59793814 53385.2371134
 52329.56701031 52973.5257732  53100.20618557 52984.08247423
 52245.11340206 53226.88659794 53248.         53057.97938144
 53343.01030928 54124.20618557 53110.7628866  53184.65979381
 52667.3814433  53649.15463918 52160.65979381 52487.91752577
 51907.29896907 53269.11340206 53617.48453608 53353.56701031
 51791.17525773 54398.68041237 53691.3814433  53438.02061856
 54050.30927835 53733.60824742 52857.40206186]


contrast
[0.98125378 0.93918647 0.92636531 0.86503677 0.81516011 0.75701505
 0.70532663 0.68323836 0.72086614 0.76412725 0.8311292  0.8925
 0.90084345 0.92070747 0.93346897 0.92855705 0.91207455 0.88677703
 0.87683103 0.81673065 0.79048974 0.78561151 0.77827869 0.80228453
 0.79714228 0.81124333 0.8187852  0.91163568 0.8744186  0.87643852
 0.89334436 0.88231631 0.83652104 0.88036999 0.84039088 0.8213628
 0.8579932  0.80200803 0.84638861 0.84301478 0.83121083 0.87471384
 0.84596676 0.84831343 0.86938349 0.86070986 0.84692214 0.82494888
 0.82336579 0.85763607 0.87201154 0.83839009 0.86192727 0.82706921
 0.84117162 0.82183442 0.85116851 0.82671192 0.84979424 0.82597989
 0.82293763 0.85511651 0.84076563 0.87023383 0.86683209 0.84443982
 0.83627511 0.83699897 0.83121597 0.86743455 0.86050317 0.85610465
 0.81354209 0.86201903 0.8591692 ]


sweep_pts
[  492.  1475.  2458.  3441.  4424.  5407.  6390.  7373.  8356.  9339.
 10322. 11305. 12288. 13271. 14254. 15237. 16220. 17203. 18186. 19169.
 20152. 21135. 22118. 23101. 24084. 25067. 26050. 27033. 28016. 28999.
 29982. 30965. 31948. 32931. 33914. 34897. 35880. 36863. 37846. 38829.
 39812. 40795. 41778. 42761. 43744. 44727. 45710. 46693. 47676. 48659.
 49642. 50625. 51608. 52591. 53574. 54557. 55540. 56523. 57506. 58489.
 59472. 60455. 61438. 62421. 63404. 64387. 65370. 66353. 67336. 68319.
 69302. 70285. 71268. 72251. 73234.]


tau_ftsamp
[  492  1475  2458  3441  4424  5407  6390  7373  8356  9339 10322 11305
 12288 13271 14254 15237 16220 17203 18186 19169 20152 21135 22118 23101
 24084 25067 26050 27033 28016 28999 29982 30965 31948 32931 33914 34897
 35880 36863 37846 38829 39812 40795 41778 42761 43744 44727 45710 46693
 47676 48659 49642 50625 51608 52591 53574 54557 55540 56523 57506 58489
 59472 60455 61438 62421 63404 64387 65370 66353 67336 68319 69302 70285
 71268 72251 73234]


sweep_param
tau_ftsamp


tau_ftus
[ 0.10009766  0.30008952  0.50008138  0.70007324  0.9000651   1.10005697
  1.30004883  1.50004069  1.70003255  1.90002441  2.10001628  2.30000814
  2.5         2.69999186  2.89998372  3.09997559  3.29996745  3.49995931
  3.69995117  3.89994303  4.0999349   4.29992676  4.49991862  4.69991048
  4.89990234  5.09989421  5.29988607  5.49987793  5.69986979  5.89986165
  6.09985352  6.29984538  6.49983724  6.6998291   6.89982096  7.09981283
  7.29980469  7.49979655  7.69978841  7.89978027  8.09977214  8.299764
  8.49975586  8.69974772  8.89973958  9.09973145  9.29972331  9.49971517
  9.69970703  9.89969889 10.09969076 10.29968262 10.49967448 10.69966634
 10.8996582  11.09965007 11.29964193 11.49963379 11.69962565 11.89961751
 12.09960938 12.29960124 12.4995931  12.69958496 12.89957682 13.09956868
 13.29956055 13.49955241 13.69954427 13.89953613 14.09952799 14.29951986
 14.49951172 14.69950358 14.89949544]


tau_ftns
[  100.09765625   300.08951823   500.08138021   700.07324219
   900.06510417  1100.05696615  1300.04882812  1500.0406901
  1700.03255208  1900.02441406  2100.01627604  2300.00813802
  2500.          2699.99186198  2899.98372396  3099.97558594
  3299.96744792  3499.9593099   3699.95117188  3899.94303385
  4099.93489583  4299.92675781  4499.91861979  4699.91048177
  4899.90234375  5099.89420573  5299.88606771  5499.87792969
  5699.86979167  5899.86165365  6099.85351562  6299.8453776
  6499.83723958  6699.82910156  6899.82096354  7099.81282552
  7299.8046875   7499.79654948  7699.78841146  7899.78027344
  8099.77213542  8299.7639974   8499.75585938  8699.74772135
  8899.73958333  9099.73144531  9299.72330729  9499.71516927
  9699.70703125  9899.69889323 10099.69075521 10299.68261719
 10499.67447917 10699.66634115 10899.65820312 11099.6500651
 11299.64192708 11499.63378906 11699.62565104 11899.61751302
 12099.609375   12299.60123698 12499.59309896 12699.58496094
 12899.57682292 13099.5686849  13299.56054688 13499.55240885
 13699.54427083 13899.53613281 14099.52799479 14299.51985677
 14499.51171875 14699.50358073 14899.49544271]

